0.580380706809,44.7736553106
0.681542316039,77.9377125342
0.495895409652,42.3669349308
0.541274967727,52.5427330262
0.60601459429,56.523280731
0.523049252073,52.8596855972
0.665982135954,65.0165735034
0.547785920904,48.0177883325
0.503922620147,44.1616092577
0.499003038377,44.6925488305
0.565874084929,61.5249366393
0.767728692464,79.4649632546
0.693076660033,71.6672964827
0.725691446803,75.3133345243
0.506522999125,50.3808802651
0.799091163448,83.3071706365
0.538391191673,55.2173123721
0.664584898802,68.1003643801
0.543717144892,51.825647184
0.536164518132,45.6101698853
0.609455301468,69.4751311762
0.533413173571,45.8699279186
0.615528937978,63.5581894974
0.680743759213,69.3848748257
0.632639683098,72.5497029431
0.662919600698,70.0259286916
0.646103613072,69.9633055185
0.645521940201,62.9531623764
0.514627771315,46.0582368026
0.55185988102,52.3405823901
0.734084627016,83.4553701636
0.497781072727,44.3191071533
0.516013921488,46.0653117477
0.605793149698,61.5127470143
0.551364282963,48.7856702639
0.544314506319,53.1225539063
0.537279357639,47.2576191102
0.484525927086,42.4167489372
0.534126559322,49.59198049
0.646516948879,67.8413661136
0.576152159379,56.7071318425
0.614403214562,62.1914651268
0.675157282977,71.2297329873
0.649584041932,66.1689104605
0.634527966948,65.0024926827
0.476381080937,47.883001035
0.469173053671,34.1194393335
0.531290138557,50.6624826079
0.652931307918,64.0087349956
0.533805965771,45.9782025206
0.962768068976,89.9927056128
0.542750982442,48.0965841249
0.643892198638,65.7774776612
0.630732351063,64.1161624555
0.496994193146,42.7982309431
0.707005531613,71.3114760904
0.543819787588,53.1509525128
0.748451298803,80.0502021917
0.570326945172,52.4278656956
0.551456324151,51.9388199831
0.56863028233,52.9473070612
0.523165615895,51.6360660341
0.566653925531,48.4255883504
0.551931851868,56.4876286016
0.467512563024,38.8585980056
0.858378972161,87.6789104818
0.552389197202,49.6082471184
0.643163714735,68.2524911807
0.775309002742,82.6234163297
0.576252596376,54.4853245955
0.505883549285,42.9707928889
0.585738738085,54.6910857633
0.488763280556,40.8153901636
0.648366654695,67.9221662184
0.718815879421,77.2717810128
0.989225872258,91.3485675131
0.54577704559,50.1857946586
0.660466568861,69.1919783558
0.601674618705,58.6588830002
0.552747708143,50.7521377664
0.610261043199,66.5128748767
0.575055071134,53.0654388139
0.769277296236,80.3136083775
0.546028452428,52.7344453611
0.45726677784,38.406157568
0.598477500668,64.3668921935
0.696348522299,80.0411581752
0.477880730867,38.6355207481
0.631984759909,59.1438296594
0.552169141954,47.7305907879
0.836406815558,84.4497157711
0.546906654163,49.4758200801
0.488467980197,41.3344000634
0.637369263361,64.0102830097
0.559071950249,47.8688681356
0.624947876964,65.6826912168
0.625823058922,67.3904638881
0.630890665257,64.4570147027
0.481675100449,40.1029993019
0.577101288474,54.7077543258
0.498658627751,44.0942481994
0.656312077968,71.4776956585
0.850277785888,84.7112889144
0.644806205661,67.8568892451
0.551698220022,55.3797723598
0.700437550698,81.8907109764
0.614358829764,57.6508501298
0.58829578713,65.6673118493
0.543128788535,55.9541528565
0.626879363579,63.2487990341
0.573094314604,61.6268009944
0.948153121378,90.3649713961
0.937997267713,90.3171007739
0.595873530808,66.9984273927
0.84240396012,88.9480351049
0.738428875966,79.4332724413
0.846113060454,87.4012560466
0.822591564696,83.649785423
0.550991117125,50.6449439239
0.677097752002,82.1205011244
0.613666286541,67.1975040454
0.63687546352,73.8994768325
0.580425608856,54.0788925914
0.542351456727,50.728144221
0.713990484382,82.9704195589
0.587579948095,57.2165721723
0.65773906204,76.5747873872
0.594836306138,58.9746906291
0.589459386305,56.9315015179
0.504179299403,42.706252167
0.628571145234,59.0398813371
0.578412194199,57.8367387547
0.69012461722,72.0364187274
0.627007489393,67.0344959119
0.577344903024,53.4688333011
0.545079419465,50.4209588298
0.944799976344,93.5857739109
0.800436835894,82.6855583829
0.54391458141,50.0098752653
0.649890896994,76.6311614595
0.76717032916,83.7445711862
0.573417610451,52.8235208835
0.669958806785,72.7801983749
0.721081048073,79.1365746192
0.508844440185,44.1532518222
0.503880835998,46.0202584998
0.581218399053,57.1143164768
0.470768323098,41.9716758539
0.560732503317,59.1803171012
0.879188767227,90.4399507614
0.745992751281,84.4851202365
0.596918627879,63.1412411225
0.631191806889,62.5278880479
0.728481616773,78.3173160522
0.515846709321,46.9768747182
0.636898874699,70.4648401036
0.937078997286,90.5484814686
0.769471278891,84.9248017063
0.630744611599,64.9009280211
0.638435113329,67.2830663624
0.800787533402,82.6560159955
0.711567615196,72.0626309299
0.667655895248,66.8482708674
0.823163992325,87.4162548516
0.591111954594,51.6094025816
0.994128379508,92.8159372336
0.61503485512,65.7467032327
0.674732494645,67.6682241316
0.609527645759,67.9664814283
0.597177628833,58.2976967488
0.695973551808,71.8529696428
0.610031239899,56.6531472391
0.680211392491,75.2397465691
0.648544412107,55.8837022744
0.545796943796,49.6457828419
0.62409170894,72.411963045
0.50199674568,40.2993287151
0.597711318795,63.6297300663
0.621238613773,63.8838396201
0.732238055778,74.9312230974
0.58460987879,57.7759751149
0.533368718549,48.6459334945
0.6272362214,65.7705535909
0.654791410121,66.5367907053
0.575304129401,59.2518755438
0.47746283995,39.3391526828
0.61499804859,64.8076783015
0.474170947622,44.1444965592
0.581255580204,56.9871910424
0.767489614234,84.9331293844
0.596178529719,68.5782340135
0.589693716689,55.5170564616
0.522599517008,49.2144034741
0.814151797759,89.6287892251
0.645039326608,66.8262142555
0.759558653294,84.5237527443
0.637455411974,54.567522863
0.67763749171,64.4648408456
0.574458893016,46.7803239538
0.682782981083,76.9144307665
0.49725183917,41.0567240635
0.567766217029,48.9049914797
0.823317198083,85.9984046054
0.629142980407,73.9531373306
0.494715206768,40.4998487362
0.543414259802,50.392121171
0.624349582254,63.0431347117
0.718543667616,74.6188596059
0.531595645988,56.5248870373
0.815463922699,83.0767114775
0.762754378599,84.4506644043
0.844490109905,89.877123561
0.757499522211,84.4084330698
0.711070286604,77.9365847769
0.755412743603,81.3118911949
0.733641682872,81.641372382
0.507850441858,49.4125791642
0.704602679778,75.0829901736
0.557603156877,46.5130157237
0.699535186723,71.9244969752
0.720069755829,87.894680302
0.588273664829,55.2255922189
0.596161581237,58.8645075723
0.476596256499,42.9007828953
0.550276294341,50.8664411946
0.747445823489,80.5712485079
1.56162726764,92.0140663817
1.10993645965,92.3179247745
1.68698518667,93.7926172865
5.64922080463,92.8619011853
1.22991867616,92.1434698984
0.976338529678,90.4742713519
1.4323460624,93.6955614955
1.11658912022,92.7238996095
10.7183247847,94.6733419171
3.09443754447,94.7097412884
2.02755726393,94.0500839694
1.04481604531,92.2449877663
1.73894656903,95.4145945957
1.14947925825,94.1494677311
1.68124460486,93.8948307175
1.34305848208,93.0897334922
2.11639410149,95.7489265166
3.63759112668,94.4158886075
1.28380518224,94.8790610387
1.61936927236,95.2243121158
1.24140702059,93.1563270565
7.31601780846,93.9157259243
2.00416158698,95.5806367756
1.3925429863,95.8073193322
2.44751745978,95.1245522134
1.17347355247,93.4645793418
1.55818342952,93.079267049
1.18687952107,93.6372154082
1.78518324218,94.6417757654
11.357248487,93.0574184715
1.42393375878,93.335430685
1.25721945299,94.0550829988
1.7239959227,95.5816476893
13.3455792651,93.1355236108
1.74699249179,94.3125104311
1.54340294805,94.7438733862
19.1453509701,94.4067138865
0.803700779376,89.4258583516
1.35033213917,92.4485193067
1.31468424934,93.380918487
0.540973683673,49.3377851576
0.455699593958,42.7466575114
1.31618668493,94.5485365888
1.05106058145,92.6864963836
1.7461861756,94.1212796722
1.49133833773,95.440005912
0.824143921224,82.3920490379
0.449706269567,40.2864913536
1.25622932612,91.7568814137
0.846746441913,86.1733830436
0.512893461272,43.4023175771
0.709838565317,74.3225553198
0.618038734206,56.6319693038
3.7687856221,92.4923514519
1.42948831102,92.8212544456
0.789438585311,87.4517806605
0.794921437907,82.3663953116
0.866757041882,90.2985271613
0.541554798583,49.9745132748
0.736624421129,85.5833249273
0.813016589735,87.5177084551
2.15469623943,94.3925841113
0.725814535545,77.1998757927
0.544309219469,51.5040012928
0.861110393655,85.6516843341
0.444514741606,40.9916708633
1.00613735171,90.8956134943
0.765454361207,86.1082783736
1.00121962605,89.8131553835
1.01879425097,91.5250674896
0.809183083713,87.1943699697
2.09352064267,94.1070683244
1.68273632954,95.1861087033
1.82606554521,93.9185227052
1.53585238337,92.6722999831
0.782547805593,83.967000137
0.86136227104,89.1227116208
1.87560041533,94.3419222171
2.35535253903,94.9070883366
1.55991961814,93.1587928126
1.72591672665,93.911368523
0.404051875596,41.9102737023
0.636811049608,67.7060811644
0.626188575527,64.5066657394
1.0029965224,90.4493125875
0.520416260336,49.5201585849
1.80921563868,94.2474332676
1.29891304317,96.746510415
1.19923464982,93.1465794216
0.784985261914,79.6790313481
0.747732434867,85.3635764359
0.763915020969,77.3232814804
1.25031612956,96.1192424891
0.885267585207,89.1142694112
0.432083905926,39.2891485258
0.721904901647,76.7476560782
0.606166122861,51.4403665516
1.02748443,89.9919740571
1.67310586114,94.8159374124
0.76927088089,85.4433519088
0.538177085927,53.1259789465
0.979472683564,89.7817573421
0.48157141063,41.6721328226
0.779236528152,85.6349398168
1.25303622557,92.1666587405
0.606715074935,57.050833036
0.614111678395,57.9166945428
1.11906336413,94.1093564299
0.592320673916,64.4914422863
0.998446656614,92.2611309768
0.640204277049,65.6561422654
1.05610968802,91.8083142574
1.13989361233,92.6182115099
1.40208114766,93.3555931493
0.543322473276,51.3975371285
0.842293159281,89.992732017
0.654190393031,69.9572144687
2.44724852277,94.1983488568
1.08206226845,90.516641401
0.573472715373,56.9325515641
0.700779836553,74.2649659528
1.02771996464,91.8529487499
0.886506222837,90.7060578078
0.712364965324,79.8041812266
0.677432065236,68.2645643449
0.763811424825,84.4919221925
0.604660222103,53.3522530669
0.722341689025,76.0739565194
0.493405520935,42.2742592536
0.89329514538,86.8921930772
0.662935286003,63.692088573
0.494164819872,46.7965644769
0.572203803139,59.7495905818
0.644091727485,64.9680368328
0.990259428307,92.8005309568
0.724567691034,78.4868410596
1.03726521283,89.8060297393
0.563328543518,62.0825348022
1.07379212196,90.9750764468
1.16028425153,91.860422458
0.551136120514,45.912577618
0.40733702325,35.330417535
0.576126175738,52.0162295448
1.31932426826,92.5077710888
1.29263611953,92.4290331061
0.567988899302,54.5486124824
0.840332609387,87.6799107911
0.634182895929,67.8314084301
0.574324835683,56.4546282141
0.622016272712,60.3828621724
0.86548948036,86.8208502338
0.601791272665,60.2343816198
0.653263393607,68.5743810905
0.506376259835,39.5089013016
0.660863865454,68.2254055848
1.24789578123,92.9637851872
0.557222977044,48.75288076
0.776536813953,81.6508744871
0.596999441652,61.2762512912
0.770228509585,85.1365480987
0.786069684489,81.7079584683
1.46671203962,94.0289467039
0.605479363915,70.778818867
0.755790453994,82.1512028945
1.29289533471,92.464332729
1.26425204149,92.6793945973
1.41236906449,94.8291586873
0.751664664511,84.737101168
2.09759882053,95.3895979805
1.46841313076,94.5615345633
12.6534626635,93.4125211285
0.701489129191,72.093669589
0.799056169271,82.2458144666
3.9193506957,95.150527361
0.925614529861,88.0417930013
0.502148944032,43.0707429097
0.681122646558,67.5895866136
0.930027049633,90.3673746769
3.3695394006,93.6498215309
0.671520362955,81.4990269921
1.22351747794,92.8073137465
0.669283538001,72.6459338762
0.778384040782,80.2704718322
0.888737039247,90.8809593467
0.406850969409,37.0749575518
0.53963559254,48.3788207432
0.450727182301,38.5261505951
1.11798878391,92.9621640404
1.70452816386,94.8045250691
0.592069452783,53.9823804055
1.38127872109,93.9353469405
0.566650365257,50.0374222643
0.496408155312,40.3618087984
1.32062343545,94.1644721494
0.745976486232,80.8868683184
1.11330113969,90.7502708424
0.724289546999,79.266450562
0.614513688396,63.9579049106
0.573609130278,65.6407005154
0.570618505805,52.2216967106
0.888647742095,83.0080532334
1.4562488623,94.5062004473
0.78646648971,82.5098246756
0.873942945044,91.2776512396
0.645994125345,67.1550499746
0.568001537224,60.9318339623
1.48889892133,93.7359631331
0.494689325675,42.6070892026
1.37965092137,92.9513948381
0.57646740812,51.8260865738
0.672124849653,77.8544038099
1.33940254851,92.9138557611
1.21358138923,93.1564870886
0.715677293971,83.5565623274
0.977419788611,92.894561411
0.973780473288,91.8543839554
0.44302497035,40.648417483
0.744513705097,77.3934886254
0.606613305594,61.063938731
2.39836084569,93.9901078422
0.971071773574,92.7870493734
0.88994147917,88.1312391859
2.66913124173,94.8585847165
0.491844329955,45.9800382019
0.648916186505,73.2976380752
0.911905327321,89.8173214518
1.05557684128,92.5777570989
0.526012619823,46.1898800527
1.46585875809,95.5841686298
0.86651436096,89.3757745643
0.896652299105,91.454060398
0.843248307794,84.8579508904
1.41986889511,92.4681116856
0.878821036552,88.8677595774
0.650290608991,67.8932490917
0.913830541592,85.0826876908
1.16329762019,92.487867692
1.00204261747,89.8785635993
1.09586645817,93.761661131
0.575473624446,56.2078688113
0.689167057844,77.3479123157
0.840854326923,88.4875677604
0.628726950933,63.4631057067
2.23504954354,94.9079451433
0.526698816763,54.6121151736
0.643643453472,69.3400022018
1.16791381864,92.0451253537
1.07985984555,91.2674854664
0.704308355669,71.9161071697
0.832551532626,83.3640189433
0.616372280976,67.2858539487
0.682405466426,74.7531934244
1.2989569997,94.6930590835
0.967939884816,90.3649014053
1.54513568205,92.8833321406
2.06171837976,93.1833415053
0.677466351542,76.2053548729
1.21654024849,93.9105809665
1.25959225377,93.7544586253
0.835831098541,85.0274684761
0.995633064346,92.76370228
1.29850221602,93.2144946093
0.534281770611,49.0295024618
0.886355363128,90.3983293966
0.541725043555,48.6510588178
0.768525676152,79.5612968699
0.785399370537,80.8643748303
0.886610179318,86.8821929958
0.496177785101,42.0295034106
1.03018770478,93.5372273741
0.658438796176,66.3739382468
0.926879156069,87.1404014477
0.550282268591,53.0444232581
1.11161174087,91.3782764996
0.725240509295,76.3699675189
0.488507897474,42.774793799
0.503404510134,51.0592270356
0.621402796479,62.1243876246
0.827602131936,87.98592542
0.750687196639,80.4153060262
1.27854505701,92.0244272706
1.00289434333,89.8366982125
0.998814233451,89.9212664458
1.05919829266,93.797867431
0.668414385607,78.575527618
0.813717877913,83.3321433548
0.45026555045,40.3177307729
0.908033368279,86.1591261971
0.694388851383,68.3785709752
1.00870742727,90.491009239
0.494720571571,41.5083738802
1.68747232443,92.9737651895
1.00976151395,92.2892088825
0.492243682228,43.2445691814
0.879385060864,87.7317342658
1.83844389164,95.1678973188
1.02723517429,92.6330139391
0.957195581741,87.9241794036
0.704544152883,77.3486020816
0.699474603852,67.0741436181
0.812599243689,85.5257938849
0.633941313222,61.5696482482
1.186262046,93.6196598097
0.904715194923,88.6600228197
1.27092207095,93.1972201256
1.19969095281,91.5487355007
0.541683493492,46.2578204618
0.823766386636,86.1300844764
1.13428556829,93.4127501891
0.547151584232,53.7065790853
0.891776262538,88.9076349972
0.820173302462,87.0092383793
0.89592998645,90.3512380865
0.710803867727,72.293953057
0.979580505767,90.5799181651
1.11086896061,90.9361996825
0.800407951322,89.0047444494
0.78814756491,85.6452431899
0.916440491316,89.962019738
3.57152508899,94.4424793222
0.885379759121,89.0231984954
0.790818439583,84.7512986835
0.497961903282,41.6145883774
1.2775869237,94.2523809285
1.14701174653,94.3116092697
0.656395002698,66.0122456092
0.512731291787,47.7749861418
5.89616141414,94.275330969
3.15789556274,94.545420566
4.10553513802,93.4810226512
1.18802459929,91.5078066534
6.68507328782,94.2280449201
0.580656171278,55.3218327608
0.961435129346,91.6633279437
0.832501864429,85.757979406
0.739591936512,83.4914306598
0.906651694724,90.8346335497
0.696323594919,78.9072796809
0.537009028002,44.7589378272
0.587210130774,53.6074574331
1.12857614544,93.4971578013
0.531866754352,42.3590506056
0.778811560933,85.6560728264
0.894163668131,86.6904084565
2.16845736377,94.3304102463
0.838664644056,88.4518977622
0.520423188739,48.2214588065
0.636122996776,68.3991330027
1.47188821893,95.9465002237
0.710172487169,77.1701414496
1.78803687447,95.9080538368
0.776159655475,85.3132541741
0.606025253951,58.0426425128
0.684093248142,78.7373968936
1.04385605829,92.5616697907
0.533367572169,41.6238234368
0.797435399672,88.5444082923
0.776608473598,82.0242687232
1.69091513377,94.924214741
3.20460375399,95.2668365204
1.16317626077,92.714322492
1.0037673186,93.7600389787
1.12011802631,93.5057048341
1.757947908,94.3429268716
12.008527477,93.325447288
0.605670114675,60.2401884869
0.626675943864,66.7444535222
0.566789670203,51.1610296938
0.616694013791,61.467012823
0.822223990483,80.6749124901
0.471276005597,38.7571009126
0.539777444289,51.1077971701
1.43064130048,94.8545138118
1.13841713591,92.7229581887
2.2259608282,94.1555024582
0.911766531175,91.5697919681
1.4331923544,93.9619502009
0.510963653481,42.1051081168
1.27414775131,92.9425577906
0.77312140435,81.4950084217
0.817567483875,82.8207432209
0.764131644898,76.9999629786
0.420361292185,38.1910652185
2.73168755856,95.968913725
1.43105958603,94.9700253737
0.976951390847,91.2389602012
0.530141671782,52.5830777817
1.32592827471,94.134612309
0.621645654003,64.8539490526
0.698459987235,77.1635111664
0.683102356036,73.8551954694
2.70391954085,95.006956157
0.636940375801,73.2002832568
1.42221698977,94.2467833487
0.672613862341,73.4645435591
1.15806917464,93.2503208005
0.539270883349,53.3254881181
0.749538713858,81.6901077784
1.19850529708,94.1910867645
0.743344159287,84.3786820827
0.505090817583,45.1469170585
0.750240752051,78.1899242442
2.51516339544,94.9224244416
2.95039273044,95.2022123338
0.641266515815,67.607874097
0.618364487508,65.8474336196
1.68249670661,94.2089797622
1.00834255492,90.0601748816
1.88809415746,92.9024170253
0.503091685977,42.0884422371
0.709451367376,76.3986948018
0.841279599074,88.9627393675
0.7569297932,81.019532412
0.5621543737,48.4114866098
0.550594582472,58.3387397077
0.482632343893,40.8435589086
0.589026594687,60.4265715155
1.26735315242,94.3278589945
1.69759137391,96.2206736834
0.563676886662,50.0480551512
0.936157040757,89.7597007408
0.633167470364,67.9497549707
0.65299855767,73.4294796063
0.644767278678,61.776963027
2.15582426127,93.7758694802
0.71724113195,87.2467455121
2.01580608533,96.9640731831
1.22947171283,94.6824605763
0.733907716271,79.6268505165
0.60720569578,53.6247882883
0.740667137452,76.7591277866
0.67401349016,79.3284626749
0.533260093919,46.8001578482
0.82244043827,85.0915001693
0.793896585361,85.534628176
1.12368000278,92.9308625716
1.24738118325,93.0814524947
0.778430860262,83.206958583
1.47853476298,95.8380527214
0.565346743907,60.8800505773
0.506221176568,44.9430394938
1.23797195605,93.2383810032
0.911376437175,90.5294672523
0.644550914102,62.1345053101
1.03115288932,91.5815012713
0.835609879385,89.3918864357
0.653164869942,68.824270374
0.797602631087,87.0296579119
1.09477286865,94.7208167361
0.687607958743,71.1280584703
1.67069481226,95.2289389023
0.64187205855,62.4071572552
0.977800912548,90.8182228422
0.535419400883,49.6100923153
0.820732695128,85.0429929395
0.914683181924,84.1247997011
0.911356709116,88.8543167381
1.22083209546,93.6888791805
0.531745396367,50.2534609002
0.436272440488,38.3584263322
16.9976627795,93.6102812074
0.687882702386,73.7420107204
1.0959117294,93.8992927633
0.785679935152,83.2862302794
1.03327675065,89.5817873306
1.17481965272,91.2483097566
0.689926815726,75.2938196206
1.49731297962,93.8156898731
1.5533737029,93.4584216536
0.57503816249,57.4937690388
0.826388940111,87.4613766124
0.671019160684,69.3892239567
0.848272371169,86.932816072
0.704041232108,75.9827127912
0.943022138358,90.249357686
0.616286239557,71.0918525344
0.702128287579,74.7369981468
0.832864146687,84.2960282226
1.12983364215,93.7664987832
1.10967854916,90.9004114073
0.636943576652,62.4083186252
0.850611132238,88.0021852705
0.708037781252,68.205888584
0.727592079635,79.6139811508
0.53367482122,43.6247128395
0.96535314744,90.3277911815
0.559434726861,49.5258717321
0.929435732422,91.1124530719
0.592932237779,61.4757523943
0.862011564658,92.7651744692
0.623387006616,56.979381876
0.592324392196,57.2279734578
1.08682335743,90.9430773903
1.81922213412,94.8552501903
0.620238125961,62.2951089709
0.49510621032,42.5106054767
0.982887381823,90.6886876134
0.810607868899,83.9084956773
0.632908145405,68.1978421858
0.749130440039,84.3911580896
0.912379923451,87.6082648134
1.89583290534,94.8207295118
0.512458950182,45.1632249207
1.18293101563,94.4336632384
1.42251149436,93.6796192748
0.770268472222,83.2269110993
1.11534407523,92.1754040115
0.895904185211,88.5536487657
0.912975800492,89.5471709935
0.571747019982,54.5184887158
1.09269354233,91.8037165755
1.21419666285,95.1577636834
0.458529030979,40.2191233245
1.64155320012,93.6303309532
0.702656584424,69.4027458694
0.710522574343,76.1171410933
1.14623877661,92.5379147511
0.637795342866,73.9014496786
0.619237727853,59.3878988292
0.784721202081,76.896107865
1.26728085926,93.8269027279
1.70201290832,93.2805833167
0.831547257462,85.0752181581
0.693650651187,76.9166662845
1.0264316817,92.4496383493
0.424307017753,37.3068935759
1.09971832134,93.0626398007
0.882300342981,91.3440854679
0.723176011056,78.923036072
0.653747587362,70.2514035072
1.04605386427,91.7257608063
1.84040233011,94.6936938936
0.585405847802,51.8888116641
1.39127771309,93.6311015554
0.556939209086,50.1881680547
0.765981508448,81.1306227962
0.900759322243,89.8668089181
1.10566126629,92.8354887425
0.414687224712,37.264852271
0.745054960628,76.1734843037
0.995779082283,92.4546907424
0.870106844101,86.1191406172
0.430322438204,36.5823691405
0.685193004544,70.0545315414
0.640757008853,62.7885592037
2.92683938194,94.482999561
0.497375385565,48.2098779374
0.788026344772,86.3233222429
0.880682161255,90.3316608281
0.768004245914,77.6485770905
0.619662773142,61.0790110378
0.582683941273,56.7942682367
2.07138383466,94.0686026787
0.704636180086,73.3393542913
1.68121499172,93.9419014009
1.30595436274,93.8208802616
0.717285415122,76.6234618422
0.635310336524,67.7318288971
1.5037132699,95.3032800658
0.647014326767,61.1875973889
0.827797658947,87.5741595679
1.06866665859,90.8165002256
0.757963813886,82.3946499189
0.476558700233,43.2033814005
1.14331693361,93.7580386966
1.65919868968,94.7470152924
0.62999674027,62.2100970182
1.06233058948,92.8048946028
2.44661799452,95.2322247819
1.00330142547,89.3590254166
1.06688909668,93.3941039871
0.751248916807,80.6194832648
1.90105718277,95.0648130815
0.928771046169,86.7947497753
0.687038698747,80.1884822207
0.613464806564,54.6124915009
0.461514828077,41.3979657059
0.775773159366,86.7522093502
0.796766849291,87.7652148244
1.0473502965,93.0409937506
1.07851085243,91.283252071
1.56082074616,93.3259496156
0.723683037668,81.2263453203
0.772937371954,78.8605150144
0.821165131591,90.6613303792
0.794975335056,78.1871752562
0.831250733899,87.3939522435
1.49222223689,95.2259029335
0.642230844174,67.0455788845
5.44263630567,94.9515712681
0.851378170673,85.2592867291
0.631701439249,70.968400799
2.04537586607,94.6044360906
0.859131020816,81.9064247297
1.3187768214,92.4374148041
0.879516688809,90.0183086904
0.652365805673,65.9092758909
0.543323779548,45.0428990329
1.17794042073,91.2515645307
1.27509540864,93.7181662631
1.12122090166,92.6011390811
0.878599585086,88.5068112994
0.557973215314,50.6192498139
0.777407345115,86.2625539767
0.49560854311,46.51226151
0.824463872565,88.4460813777
0.849117345187,88.4905837822
0.893660776962,88.808610304
2.08190298005,93.8882543532
0.533109815687,50.0203252691
1.6834881679,95.0789759198
0.686127633404,78.0500488533
0.668177194013,77.2076044584
0.89790489929,90.978747782
0.679312539813,69.2780243687
0.681683267728,74.6932886706
0.740187900141,77.7407806218
0.753927041225,80.7516082383
0.473253005529,42.8077497198
1.02743496091,90.8062278532
1.35050316947,94.0779464632
1.04339231035,91.7388532142
1.91015421011,94.4309347961
0.784976114061,83.7071343525
0.921932548025,90.3977722197
1.13726355653,93.7722114889
0.815989570813,89.5025682497
0.672523239602,78.5608463288
0.946444241133,89.3067862363
0.655923733348,65.5737014053
1.67425492805,94.410194674
1.2280161434,92.3635377554
0.911091460963,85.1270851587
0.467851775167,41.1568944198
0.51525287835,42.4818353767
0.610723754003,60.3758814076
1.2154022574,94.2421378435
0.672266665348,68.2409216455
0.875012451888,84.085750999
1.02016756107,91.0079970165
2.23777431557,95.0960420947
0.934813694638,91.5223939857
1.13918147999,90.7067449565
0.798380636186,82.2408181364
0.778176102712,82.4831939557
0.637340969281,64.6477627371
0.885038997956,88.6096565729
0.718823229726,76.2842865752
0.66359997886,69.8612943107
0.735565340719,76.3714202222
0.67214881279,76.1943011219
0.883177000853,92.1846478803
0.610155107719,64.9564736282
1.59165887672,96.4791567674
0.77076687081,86.7758836456
0.847247013416,88.0911231498
1.01048955943,92.4883687338
0.828021053648,84.6961469995
0.707071978658,73.3667451855
0.646709673003,65.2566794078
1.56356153272,95.5581239083
0.783573299475,80.6012000921
0.851398151483,88.4308493454
0.757848545894,86.0634984488
0.892269953522,86.3358563796
0.688752389362,68.5869505586
2.15102358548,95.3015843328
0.567850762984,54.0421843701
1.59731963764,94.5345703191
1.30583796018,94.4541178064
0.830448699143,85.2093263642
0.464674365654,42.4396168135
0.77154933014,82.9770134127
0.660938966062,65.6005356708
0.800154847517,83.5387128239
0.76130342832,81.9590636222
0.864212630745,89.0517202641
0.653660735593,72.8502715062
1.05830323287,93.4499670959
0.830535493372,86.8537929856
0.746432645924,78.9010091147
1.13044412694,91.7534004365
0.737171890991,81.0631526969
0.446683987748,42.0574360914
0.796646373618,85.9166619123
0.65541288881,73.4082719069
4.31007952843,95.1691264179
1.04567217164,93.4506623052
0.671403940367,73.5027185614
2.17387869644,94.5996181569
1.71482383643,95.09541658
0.528242878184,41.2933086868
0.614733480795,63.8431874942
1.07480892785,90.8567241602
1.87538668758,95.0529425906
0.445058552793,39.6518440866
1.03862687718,90.293782181
2.57242132188,95.3359382467
0.690415825841,80.0761716613
0.913395528148,86.3398966016
0.615415850737,60.1977108809
0.729652915256,81.8416198625
0.684394157438,71.9482870383
1.62499774218,94.8299008685
0.805522089939,87.6598460155
0.557979571882,50.84337152
1.43189060391,95.8677791967
0.462669739714,35.8717789484
1.01103809226,92.4926097122
0.783966716118,88.7316725537
1.10829081985,92.7451363326
0.61537872049,64.4303912077
0.643970888589,61.5859080995
0.634500444552,67.9337949634
0.661649543723,62.2909091276
1.05491805594,93.2467193894
0.685395096132,76.9217049311
0.527869010169,47.0578950064
1.09461453889,93.6057761794
0.526930754413,48.8662294915
0.638458863429,63.3299745013
0.799148157133,81.8483332753
13.8879384933,93.3021621551
1.36456724067,95.1835235664
1.47624027988,93.2363755481
0.641915482185,67.9027482103
0.734893545545,80.2934386919
0.950697545827,90.7408907641
0.662136837577,66.282455611
0.898356952662,92.3474860108
0.587846790957,53.3744609507
0.73350985558,78.9251256126
1.01175247955,89.4957782469
1.04302805147,92.086295239
1.48938193669,96.1302204435
0.726424721758,72.3975348128
2.76292978061,94.2007339468
1.30299732523,94.0892328961
0.919293754039,87.5803642384
0.611779614482,59.9249015982
0.702425841828,76.2054791974
1.20560701255,91.5366904188
0.841738888871,87.3438572598
1.54988369014,94.7472806576
1.80783819699,95.4911761962
0.834215427033,80.7067862083
0.589215236552,51.9609811035
0.770337908921,79.301816585
0.878030137907,89.7583614599
0.714205823132,76.2512562067
1.27338953007,93.1651805934
0.700460984323,72.2281142957
0.600123993573,61.8388498354
0.638706394221,66.5235829089
0.537723818683,46.2577895075
0.696881350343,70.9091721298
0.816682313736,83.6637703074
0.631341606012,64.2907193893
0.663456930851,74.1032064694
1.99361616281,93.7772487587
0.86595883511,88.199403453
0.585731881056,52.1255606371
1.45552618172,94.2069822976
0.469683124332,40.9090272913
0.786342067295,83.5591095707
0.687259476401,71.8058291685
0.812908019142,85.4157591471
0.727687175072,81.6670699908
0.582568159948,50.6069144423
0.973525770433,90.1324654754
0.849421051705,86.2625440768
1.51132554875,95.1240571006
0.517849225773,45.3364938623
0.895346288691,89.7120263551
0.595241275782,56.5899137684
1.29782682298,95.8602763054
0.593309050639,57.6159169714
0.672762304566,66.9437794959
1.08724665082,90.1328740062
0.797094488011,84.725494134
0.73699346702,78.3521956035
0.961575977511,90.616701871
0.654308648971,69.5649779502
1.06500500866,94.0544393333
0.603294781591,63.930459662
2.12751908361,94.7737871556
0.70162679276,67.3835000073
1.08389557972,91.4938133269
0.846033955389,85.477982221
0.771846378761,83.9017553962
0.737583379981,77.9181211248
0.510744938834,52.6754271085
0.6673035977,79.2816646496
0.649249818738,65.9455493936
1.15832203804,93.8937611787
0.684559719831,72.5030670029
0.667248440627,72.9971140975
1.27361913237,93.7163848848
0.663800178105,67.8228541352
6.24630110977,94.1402928587
0.964514931224,90.7754960797
0.730947376444,83.0232074123
0.45424638607,39.7361998538
0.703695598079,77.7145175554
0.516646065174,46.2351986173
0.624353926145,65.7058035614
0.891759969749,86.7397601078
1.04383536776,91.2169436752
0.631849730438,55.1211613021
0.759591852133,78.5702901202
0.578268667512,55.0820919021
8.3032230011,94.3985939234
0.955539931713,91.0065680094
0.659497816853,70.5521519109
0.596589606006,50.6896869534
0.696382396072,68.5346026285
0.941541644309,90.5034967411
0.572489801677,54.2620957288
1.02508033697,91.0025569737
1.11075865031,93.0985432107
4.40652522066,94.7266444491
0.725949533291,81.6137084339
1.49133708862,94.6854676828
4.7272799905,93.1264491973
0.86755369884,87.9398510943
0.838229538644,86.3640151422
0.930666360657,90.925942134
0.587321585688,60.8754311881
0.645434165318,68.3062092952
3.87491503643,94.1034306731
0.908399061277,91.4983636435
0.77588386513,87.5529421472
0.522873434304,49.5706574882
0.622468750578,61.9894698938
0.905662190732,89.2292358275
0.985767172253,89.3954882875
5.77748177228,94.6331342128
0.59866424093,61.0123232924
0.775410183876,80.0412901836
0.805106038794,85.8157256914
0.983390233482,91.5615561204
0.42088608319,38.0281072554
0.864694396688,86.1199589985
0.648244972357,63.1212250855
0.592375175815,61.3844980763
0.461574622365,39.691006541
2.79460248817,95.378240297
0.810684008324,85.0354794518
0.64590657222,63.8377169469
0.731883744028,77.4904376037
1.23778286112,95.0261667534
0.901978796895,93.6849437331
0.555892869192,50.3324111627
0.737661418555,73.9151325763
0.782811923187,83.8344756383
0.777425570397,82.3654988473
0.809563091465,81.6043859155
0.700162364722,73.6121287418
0.628515763495,66.5428400282
0.748327286974,85.0162412729
0.938384399064,92.1503405432
0.610487860006,64.4564441584
0.749491990257,78.5863957892
0.743713411155,84.3158289482
1.21265486793,91.4087309356
0.615582723932,55.8421486891
1.01434613314,94.5490166782
0.652422768252,70.5490517975
0.783836656018,84.679100265
0.768052829909,82.8135064489
0.638223384247,55.0509971437
1.21242281861,92.7178279535
0.497468574945,42.9063033878
0.916931861912,89.1145258018
0.99523702833,89.8292338326
0.873277458009,88.8265142789
0.511562267313,42.4399550198
0.558912713305,52.6092310749
0.570122731767,53.6670252801
0.936625121672,88.2624018378
1.634528521,94.854624805
0.827480780089,84.6101257283
0.54026839899,50.3680924315
0.675716996844,79.3413575421
0.879667832271,89.612036101
0.667562314581,71.8791319801
0.828966565883,82.5392919611
0.776775849775,81.7905140497
0.749490632257,85.9754193683
5.14834607886,93.8126885761
0.491677147584,45.6972717112
0.688917136045,73.2241698518
0.665094410324,68.7644522412
2.7168771692,94.3549334845
0.520120670544,47.7693111047
1.08542433545,93.1656755228
0.476272997447,41.2741225516
2.59256717872,95.2832926655
0.971495506143,91.1025745308
0.484348960252,41.5525782767
1.06297917919,92.2267134988
0.759463337728,85.5923205647
0.764419627162,86.9739094574
1.02505432624,92.1526269844
0.506680694339,42.9091231506
0.963869407768,89.9785440006
0.48286035383,41.3390424553
0.63954118917,57.0558739893
0.58023935928,60.492601745
0.628465962224,58.437421714
1.48686468053,93.2936794832
0.979488356536,89.5605544212
0.658441952554,60.9285389956
0.487524428595,43.934121131
0.796027127883,86.5048611054
0.649388569975,70.1389556763
0.441192620236,39.7764821964
0.620605052964,64.4124270862
1.216784458,91.5318378764
0.53934824985,50.5000388427
1.0435133532,91.6422963674
0.477862551707,40.0136078273
0.598648571459,63.0442078667
1.0386786006,91.1538815433
0.71807801722,75.0284260153
0.745500970507,83.8503691557
1.59566424031,93.9788824343
0.589979621075,54.9401842033
1.17961823514,91.7221459119
1.95858890766,95.4296958079
1.26969074558,92.8329685613
0.684364831679,72.0409868598
0.875542549235,89.9799485625
1.05072082511,89.4920304647
0.657490635064,80.3230161008
1.11914785985,92.5522030156
1.11733856124,95.2420163525
0.594417584478,55.1025610181
0.446652653651,40.5992016622
1.9917002419,93.8512929031
0.990800728013,93.2367616985
0.846273462157,88.676121911
0.627970151502,63.0433298498
0.715398226519,79.1780247594
0.89348938771,90.3443408264
0.581981581454,55.375735668
0.599685918345,61.1248731813
1.12251961648,92.9291458432
0.943355131979,91.9898811838
0.511533756062,46.3311322768
0.637941797764,56.6582315552
0.607843981796,61.9870133648
0.509822809533,41.8900769212
0.538099275889,49.7812034953
0.63466705301,67.7300963205
0.534371658251,49.4856735821
1.17541122808,94.5064819629
0.95320034328,93.1251388212
0.566228458089,49.8809938056
0.824790871951,86.8972086015
0.630538548878,67.9082609055
0.402995336767,37.8156408379
0.758111359451,82.1778045372
0.781730844723,85.7607124117
0.503600342995,42.2891185537
0.58231383708,58.4849604231
0.752242528344,83.2391830511
1.03414336592,91.7081897673
0.567406903205,54.364982742
1.06774550041,92.8508498945
1.09440556128,93.146682153
0.633572501921,73.1250888776
2.31287411538,95.4639384702
2.93682129185,95.6474548444
2.2075714874,94.4219363384
0.628587621206,62.9275664088
0.913467788407,88.6590667461
0.630173719813,68.9174932528
0.621385574308,55.8147942125
0.607840647288,63.7227331373
0.543484344255,51.6986872164
0.441126274189,36.0565043224
0.807803572491,86.7701536516
0.758706131542,81.0991215791
1.4636125038,95.0151022485
1.40091871683,93.3368270421
0.688919899408,68.0430173129
3.27939580089,95.3698560813
0.61190505867,59.2944674483
0.677458131971,68.8894539386
0.612289292242,67.801390539
0.906304346963,90.6794939139
0.725644958497,84.6122803011
1.01028445036,90.8092886969
0.60530901644,59.5163473537
1.08081562796,94.5141607976
3.7896615943,93.9960193623
0.898941263411,88.6201822987
1.22715917485,92.8730787029
0.754930743959,84.0727010614
0.872484614873,90.4008426423
0.85478975987,82.919959546
0.541550356005,45.9608810479
0.713034388304,74.8998519427
7.56806106172,93.4978357221
1.35986581107,93.3418050284
0.868294642634,88.9002326832
1.0881742222,92.0851287448
0.590111374898,55.1098514763
0.742673993148,79.3332528124
0.558276513547,56.4693440444
0.670386108558,65.9049128867
1.14445351818,95.0121456693
0.664269252067,68.8968786453
1.20192157816,92.2644297893
1.12700478479,91.9730489786
1.29239381273,92.3685071352
0.903749807579,86.0026486731
0.833226951427,90.8671895091
0.878091208177,88.4308365379
0.677870876283,74.1692409001
0.928892401738,88.5537293626
0.741087842834,78.8538939767
0.507825721219,40.3274828239
0.529622569185,48.1071775499
1.123216889,92.7911142061
0.763158058406,80.38945148
0.49910374419,43.6818561769
0.587690827613,55.9359714033
1.21618245717,93.0543207576
1.29823162353,92.4762477582
0.590761329274,61.2534660675
1.12570443844,90.3452398016
0.858631855378,89.821606421
0.677630348568,67.2927187772
0.693179803586,71.6178798363
0.906525142281,91.5259630786
1.79022213055,93.490147636
0.693076461387,68.1762099188
1.15285676448,92.3814629175
0.50688892634,46.0956523355
0.839236353731,88.0271015907
0.599066270643,54.9920564618
0.890481183847,87.2404671787
0.666668968128,71.4492028709
0.651120855877,82.2047732453
0.673314533551,67.7009196578
0.657150595191,71.8317333386
0.499857060813,38.7324262099
0.820341671134,89.2482361262
0.706035160062,79.3306588712
0.828477193884,86.655831939
0.793787367858,80.7225587534
0.499163659785,43.8119603204
0.471594829332,39.2263364637
0.789460027071,80.583573124
0.982747229665,89.749997926
0.511665587642,47.6861972642
0.661492007662,69.0411418554
0.703487735877,76.5875435859
0.636869166204,67.2718872134
0.446625073742,36.9063597654
0.52558695944,45.5816624494
0.559000385081,57.7137120013
0.803135646671,82.4293776697
0.447326312079,36.2913540543
0.777299139531,83.0501184784
0.754977627533,77.2678100786
0.583456237351,59.6719293181
0.611790043788,56.5358153154
0.815724337579,84.1251248853
0.508758894481,43.4188833042
0.516191471886,46.7267402612
0.690253851629,73.5706716202
0.546167560903,44.5029960729
0.460006661351,41.8992154578
0.454530721646,39.0014103425
0.827312565235,88.9271093294
0.757016386104,85.9682384407
0.551003849026,53.6244746619
0.740109927866,83.7958806377
0.609150202082,65.7099198948
0.498954356735,46.3608315604
0.470378901824,38.7901167908
0.576390554974,53.0873528248
0.591812404229,55.3936710778
0.55617579039,51.3205935278
0.567061803549,51.1392388038
0.441333577065,39.2080996749
0.748644128624,78.9039912643
0.962823358289,89.5001233725
0.689897775307,73.8449671407
0.565729843528,57.59599961
0.576047153933,53.036344236
0.45417452577,33.7586131401
0.523534021376,49.0093008018
0.624291938832,67.0165567067
0.698227257431,78.6735568596
0.566626976902,56.0527657722
0.660677086436,76.9274690755
0.688274476306,72.1692497469
0.752939852046,81.033330928
0.537971624227,50.0760620772
0.568960562272,59.9891892369
0.715271135293,78.8420461035
0.682601575275,76.5412685598
0.55908966715,51.6928551078
0.978450970216,90.6199235895
0.501695182351,42.5799385078
0.573435034862,52.2229732528
0.815369753283,85.5208720418
0.493686174278,44.8693931533
0.598843872365,64.6952154302
0.550460487031,56.5183485788
0.803145083225,78.8366158033
0.484534139912,44.285240065
0.722841981613,78.6491787951
0.457055935114,40.748658643
0.623066726512,67.1412048995
0.852932783392,90.1168133556
0.750286859522,85.0426594427
0.574955462503,51.6557258572
0.414138252503,37.1411905221
0.798750653671,80.2870384426
0.738431449883,74.9614265618
0.509189779884,44.288584229
0.491301229361,41.1012211636
0.771797896045,79.7476513335
0.527802544281,46.209221829
0.767929182591,87.8194717379
0.503892780528,42.3463058394
0.53865510658,52.5264318047
0.516589288385,52.1290993058
0.612940619482,60.4310867671
0.587479510873,59.917240395
0.712106964308,74.689327754
0.732809408294,82.8197461266
0.556292882846,50.2009225639
0.53395473709,50.0546298914
0.946865265802,89.7554856547
0.625140779892,65.9779875409
0.800754146553,83.7595092531
0.603373560922,56.2030127557
0.560257535083,53.5372996309
1.07675471328,92.8995879927
0.694765649859,80.6205989121
0.598403513713,57.9641370505
0.448544150617,41.9454064608
0.582467541364,52.5707239686
1.05969219405,90.7284203964
0.629640894827,70.0205363346
0.706982786417,82.8686225889
0.691603904999,74.8401989373
0.611120382807,66.3647301048
0.47950748709,57.741997758
0.609182613929,68.4246153058
0.692111200541,72.0910476165
0.738607577108,80.5097503314
0.608088627885,61.7112532848
0.817207943379,88.1041549707
0.511518288559,44.0546358679
0.901374543893,85.8820652918
0.788323526745,85.359265716
0.514119050641,48.8448469355
1.55417896436,92.7892052365
0.490351293627,37.9076680012
0.855045482186,86.9663916664
0.601452474733,60.8920552214
0.581421625636,53.8897433784
0.55497026156,54.509777077
0.546977079083,55.9702055377
0.592366639043,50.4134484971
0.4633900812,38.2000316504
0.462774187352,38.3479277825
0.609504118291,53.6371194621
0.528410131614,55.2756760769
1.63187786868,94.7000712329
0.508058369965,47.1935700377
0.604548575325,57.9346245378
0.617857602533,54.1590813092
1.21364852848,95.5331006032
0.829931055784,85.4861100862
0.497080732581,47.0182344269
0.763440799014,81.6558533447
0.43473841183,38.6172882607
0.434370646586,34.9670689316
0.487812850161,42.216321837
0.487299271122,47.640024059
0.720387181796,77.9703110386
0.556370430122,52.168471809
0.532780450685,46.1471131489
0.81492401838,88.5183592054
0.444630089161,36.6463671653
1.06843383408,90.5067807138
0.865744134709,89.5638742117
0.728005593078,79.1118620881
0.95068763504,94.8742165713
1.19946827645,93.8052585093
0.731084950228,71.4252186705
0.520236683077,41.0920290184
0.769679642718,84.6142115678
0.534747717566,50.8928542109
0.564662052224,51.4317727988
0.960146230746,93.3233559133
0.517966525673,41.4714821131
0.869264442622,89.1667970308
0.601897540022,62.4872316832
0.497447375862,47.8140782702
0.468596634929,38.708999186
1.11131964033,94.0116136681
0.555640623109,50.2166261593
0.953066664326,90.1109106252
0.501473686886,42.0046086599
0.810444527186,83.8242657194
0.618155603253,58.9589277665
0.678929336428,80.3582015435
0.659092754525,72.2831782276
0.715734236683,77.4341148379
0.597016104668,60.0302434084
0.480239379572,42.4010588683
0.964087821617,90.7500686524
0.636489946182,67.8603573943
0.498919508305,44.0740775396
0.824451765162,85.5939748226
0.461707996099,44.115112131
0.553591265803,49.6629064606
0.502660914603,46.4918361428
0.586454469709,62.2418278933
0.668566305202,74.7336609539
0.496974930139,40.5490732057
0.523957294008,45.5581076457
0.742744724644,83.8228040696
0.535915496314,46.9188798755
0.745810699766,80.903507373
0.61715756211,64.8111131205
0.550631974286,46.6324921526
0.53808459292,47.4270281979
0.447110911656,40.420907733
0.643343475024,64.8762755902
0.489037984175,45.6291307029
0.629901986364,65.3243298392
0.946485134237,86.5023592582
1.30780490233,94.6622954849
0.471012325613,42.8101173521
0.872986160005,85.8930459572
0.571669176399,61.1211172683
0.634715624974,64.671113563
0.642434928778,59.7604742004
1.32868260638,90.7610034385
0.803317133431,88.7841367239
0.785222415483,87.5833951156
0.65143751647,62.6093113862
0.707778374065,77.9068589174
0.483322075571,40.8904858104
0.643921174674,68.9936781912
0.701396875791,74.7797675783
0.689895815784,76.8010076488
0.617887196359,63.0289060295
1.20514226458,94.5953307986
0.454773686911,39.9929061218
0.526479839081,48.4291473643
0.447901102958,39.7956219593
0.553562904668,46.9186216245
0.770840616484,84.9775591317
0.570505578227,63.8597845672
0.632555992393,62.3043953937
0.498772984466,44.9528827505
0.540163194726,44.7805906199
0.517148214538,46.8380978742
0.846378660154,90.0293463004
0.744980276106,70.4601770017
0.876839671395,87.9013196359
0.465022674644,43.0500239855
2.14060401604,94.8370330534
0.713820884626,77.0062356115
1.99900610166,94.6053825017
0.6931739933,71.2505345577
0.537237261402,48.4398521172
0.788338526315,82.7954610749
0.752181832858,79.4821935007
0.454151052156,38.0819562915
0.843860532684,86.4709903187
1.17189915324,93.5304272564
0.60966555842,59.4549939592
0.677808417141,70.8529580394
0.861975225469,88.9525146502
0.872096732256,88.0383919672
1.08392991527,91.9577035125
0.783579074012,85.1494065911
0.405148580921,50.2951538788
1.04110529526,91.5752051682
0.514646482067,48.3782358025
0.44292457651,37.4794317572
0.467166939924,48.3956417023
0.76664927683,80.3022180029
0.589300065035,55.8790780402
0.567254786629,50.5157732728
0.634434009147,63.9349250986
0.511204480418,47.453953842
1.18205514519,93.7260646238
0.553806639223,49.6124024783
0.717712916873,84.0107998418
0.469755840549,38.9696040236
0.589243319083,54.5560059174
0.855035889295,85.0822870026
0.603165542929,58.2132620023
0.483045160945,40.7579123091
0.715541386349,74.057452039
0.763647934493,84.7704792058
0.78835068669,84.3192073328
0.53108370502,48.2857363201
0.480227627124,41.7363118216
0.718905625227,77.8746124855
0.76876062296,85.3787910112
0.880968783844,89.9939393048
0.568480279268,55.8078362766
1.30775129236,93.0007689205
0.830613608409,84.8087271449
0.52321948862,45.49199813
0.860871795693,88.1406976043
0.801994103332,81.4039279524
0.488517914138,39.1744818929
0.575575232013,49.0365962609
1.14528082561,90.2967023556
0.614801641713,64.8641024184
0.643026466785,71.2975843744
0.609210022325,60.0004251465
0.68574079522,71.8776503671
0.674789988777,71.6647112602
0.707611889571,80.3771747585
0.561204538547,61.290799867
0.491548080596,43.3606475701
1.01616006655,90.4707247959
0.537143656598,54.0570006816
0.876958976162,88.4409984089
0.586566707025,60.4998530937
0.491159836322,47.9506741729
0.668153564955,81.1012218179
0.854066186825,89.6644882898
0.432486239785,43.1128866257
0.570514593959,51.6766348148
0.819774915344,83.8351903064
0.612212326026,59.4276101523
0.440561002143,38.7145290402
0.68842303852,66.8505188008
0.924424612726,90.9164925584
0.934431885906,89.3823950711
0.590809680582,54.8368183312
1.05992171151,89.8098235166
0.444911358566,38.2663138488
0.719578737893,77.0075788169
0.675829006176,77.8309251531
0.544484823333,52.1583581814
1.25736594179,92.8851153851
0.627191088822,63.0721302296
0.736508526608,77.783489061
0.630130616035,67.1394694352
0.607447607568,60.2754753142
0.486675599151,42.939534008
0.568656602296,54.3848442068
0.583978710293,53.2274946123
0.414024724757,35.4107962992
0.529604288784,54.4770683759
0.571604492499,47.764378922
0.610287769179,56.283187437
0.491971412729,39.2215926222
0.654222457216,62.3400936519
0.766959388977,78.3824304084
0.5387173967,42.784289722
0.741825792845,80.0603840874
1.1693286907,93.6519179817
0.618563608884,61.3284961148
0.692243310773,73.5938477533
0.582339849233,59.5055735765
0.673360238673,74.6125595589
0.782186579422,81.2500717395
0.611078485908,59.9481401637
0.539941648372,54.5899347361
0.500410160827,41.8993887343
0.604137129685,60.7158905737
0.886718433475,88.486204843
0.457928192007,40.6919181218
0.463097218322,42.2461983751
1.49599150762,93.5659269269
0.736608626321,79.954857798
0.524280718571,48.3011206757
0.545307370819,48.3819883693
0.78650228907,80.7210873874
2.10570754767,93.2444521249
1.08745257157,93.667924622
0.72835932592,76.8931292358
0.561718433386,54.7427481189
0.67626633402,74.9934798827
1.01735891603,90.3961874107
0.418662677355,36.3057052871
0.623239525649,63.6690270289
0.592117439436,58.758387645
0.788501907911,85.9048510272
0.517924404924,51.6844957951
0.727528920172,79.4864761146
0.544839073593,46.8117653913
1.10477960591,91.8802453764
0.704066722705,72.9374412902
0.98017867831,91.6904264799
0.74505365936,76.9250733591
0.70292028116,79.2506400868
0.502357637239,46.9344705385
0.530189876168,44.8415454708
2.02680423906,93.885235405
0.770646838256,84.8448086371
0.82333599676,90.2725732936
0.591216009614,57.045925335
0.786087053199,81.463225782
0.595018370983,66.4002890074
0.760728053537,71.1683336085
0.496080033433,42.2798493099
0.702735839052,77.2982200234
0.953370848989,91.4348884331
0.772302706576,82.0059771237
0.537579399999,51.1703918299
0.594479037666,51.602418222
0.62254717428,64.9698891262
0.52203869315,47.725615523
0.570073166692,51.8297425305
0.554162276043,48.94906207
0.702128852147,75.7332480076
0.657658903881,61.6217894089
0.538759969832,45.6927322526
0.499294972045,41.8738518494
0.512848206033,44.5926917777
0.82909674209,88.25569214
0.612711990735,59.970556698
0.558121453752,56.453965457
0.442030242323,39.829025642
0.51762673033,48.2919704308
0.546520363793,45.796241489
0.74317349465,84.1520645903
0.445254142599,33.6396005096
0.534298708495,46.2806196116
0.524616783379,43.322681928
0.519167526365,42.7874938529
0.671718623142,64.5063792661
0.729168586986,73.4070588196
0.613785637969,64.0523088512
0.559565341921,62.9476130704
0.595060254948,65.9410060097
