0.580380706809,11.1437198448
0.681542316039,28.0182162583
0.495895409652,7.40196406048
0.541274967727,14.1972203745
0.60601459429,16.4514189822
0.523049252073,12.7085546412
0.665982135954,21.0038666878
0.547785920904,12.0076105445
0.503922620147,8.10838774971
0.499003038377,8.57549888658
0.565874084929,19.1622134478
0.767728692464,28.4644825894
0.693076660033,24.4287551094
0.725691446803,26.2725984769
0.506522999125,12.3050681031
0.799091163448,29.2374650962
0.538391191673,15.3917822731
0.664584898802,22.6806236903
0.543717144892,14.0021334099
0.536164518132,9.85742215545
0.609455301468,22.8981517864
0.533413173571,9.81977997456
0.615528937978,20.1894650816
0.680743759213,23.1267636125
0.632639683098,25.2096105036
0.662919600698,23.8846460164
0.646103613072,23.898334087
0.645521940201,19.7303905674
0.514627771315,9.97730842795
0.55185988102,13.291054944
0.734084627016,30.556150033
0.497781072727,9.53792793685
0.516013921488,9.82492872553
0.605793149698,18.6773323628
0.551364282963,11.2934410015
0.544314506319,13.4499446827
0.537279357639,11.1666303845
0.484525927086,6.81201936881
0.534126559322,11.6238368822
0.646516948879,22.9973862646
0.576152159379,16.8889413007
0.614403214562,19.8342061226
0.675157282977,24.4043875634
0.649584041932,21.4835942683
0.634527966948,20.6607126602
0.476381080937,11.5672099932
0.469173053671,3.75000223528
0.531290138557,12.6759363882
0.652931307918,21.0025156302
0.533805965771,9.74174200636
0.962768068976,30.568732957
0.542750982442,11.4560824414
0.643892198638,21.9623720087
0.630732351063,20.7758488651
0.496994193146,7.74093551406
0.707005531613,23.8860931703
0.543819787588,12.8936095376
0.748451298803,28.3604291074
0.570326945172,13.6802233632
0.551456324151,13.634806005
0.56863028233,14.7241542707
0.523165615895,13.1254803285
0.566653925531,12.2438047058
0.551931851868,16.6013249081
0.467512563024,5.33932175823
0.858378972161,30.9017355507
0.552389197202,12.4281938075
0.643163714735,22.602643257
0.775309002742,29.5172633351
0.576252596376,14.4370716112
0.505883549285,8.13823656811
0.585738738085,14.8308442573
0.488763280556,6.5193113451
0.648366654695,22.5909211924
0.718815879421,26.5481057755
0.989225872258,31.2816323024
0.54577704559,12.6253019538
0.660466568861,23.1863363295
0.601674618705,17.0520737971
0.552747708143,12.3698387153
0.610261043199,22.2911164847
0.575055071134,14.2716765958
0.769277296236,28.1726759727
0.546028452428,13.5630294851
0.45726677784,5.51669205429
0.598477500668,20.5294267308
0.696348522299,28.4607482681
0.477880730867,5.55033887888
0.631984759909,17.6573878168
0.552169141954,10.6568794829
0.836406815558,29.6406001707
0.546906654163,12.3732266713
0.488467980197,7.57552214274
0.637369263361,20.091022169
0.559071950249,10.4405166408
0.624947876964,21.2404913902
0.625823058922,22.4466002007
0.630890665257,20.6412944701
0.481675100449,7.18035870398
0.577101288474,14.9367193804
0.498658627751,9.56486007573
0.656312077968,24.55356307
0.850277785888,30.0000781196
0.644806205661,22.558405723
0.551698220022,14.8715361084
0.700437550698,29.8010864483
0.614358829764,16.9956050017
0.58829578713,21.189340928
0.543128788535,16.2944778233
0.626879363579,19.3246112471
0.573094314604,18.2971628453
0.948153121378,31.1523522246
0.937997267713,31.0536085793
0.595873530808,22.0462888865
0.84240396012,31.6622443183
0.738428875966,28.1226813792
0.846113060454,30.7573552712
0.822591564696,29.5505096858
0.550991117125,13.0604646361
0.677097752002,30.1321337129
0.613666286541,22.6315186358
0.63687546352,25.3719933104
0.580425608856,14.4769628903
0.542351456727,11.8130041333
0.713990484382,29.8987177938
0.587579948095,17.0387026182
0.65773906204,27.3835036407
0.594836306138,17.7373167897
0.589459386305,16.8052290457
0.504179299403,6.35845224862
0.628571145234,17.6517806841
0.578412194199,16.7880278068
0.69012461722,24.4547137993
0.627007489393,22.8038743426
0.577344903024,14.6196839286
0.545079419465,13.188536832
0.944799976344,32.4610507704
0.800436835894,29.6193265188
0.54391458141,12.8332650725
0.649890896994,26.9048236879
0.76717032916,30.3040916943
0.573417610451,14.1617555025
0.669958806785,25.4929106492
0.721081048073,28.4863956069
0.508844440185,9.13088486987
0.503880835998,9.27600270953
0.581218399053,17.300897591
0.470768323098,6.84752954232
0.560732503317,17.2638467411
0.879188767227,31.8641468639
0.745992751281,30.9544562737
0.596918627879,19.9625199206
0.631191806889,19.1897294417
0.728481616773,27.5251969828
0.515846709321,10.9272772282
0.636898874699,24.1708701515
0.937078997286,30.9491516553
0.769471278891,30.8014095525
0.630744611599,21.0167471212
0.638435113329,22.3180080521
0.800787533402,29.1288250966
0.711567615196,24.6211317461
0.667655895248,22.189873714
0.823163992325,30.9452311295
0.591111954594,13.2113721255
0.994128379508,31.5432097568
0.61503485512,21.332774705
0.674732494645,22.641269127
0.609527645759,22.7018414936
0.597177628833,16.8284937593
0.695973551808,24.4204682144
0.610031239899,16.5388251291
0.680211392491,26.3817986557
0.648544412107,16.024808488
0.545796943796,12.6893345203
0.62409170894,25.1123348948
0.50199674568,6.2518333575
0.597711318795,19.6118086297
0.621238613773,20.4488254889
0.732238055778,25.9421097417
0.58460987879,17.0718976228
0.533368718549,12.281935127
0.6272362214,21.1783049939
0.654791410121,22.5900947559
0.575304129401,18.3304785435
0.47746283995,5.81741607429
0.61499804859,21.3727507431
0.474170947622,8.21433708567
0.581255580204,16.1588126117
0.767489614234,30.9948168142
0.596178529719,23.6043387987
0.589693716689,15.7573325559
0.522599517008,11.4554258188
0.814151797759,32.295942934
0.645039326608,22.1183413344
0.759558653294,30.8142101976
0.637455411974,15.7027453403
0.67763749171,20.7346850962
0.574458893016,11.3212626335
0.682782981083,27.1210626408
0.49725183917,7.97020682039
0.567766217029,12.7408073658
0.823317198083,30.5313675683
0.629142980407,25.7699767857
0.494715206768,7.02990316939
0.543414259802,12.0166151002
0.624349582254,20.2024640658
0.718543667616,25.2121072337
0.531595645988,16.205550337
0.815463922699,28.9373929896
0.762754378599,30.4310281937
0.844490109905,32.3658023693
0.757499522211,30.1953985836
0.711070286604,27.7004965206
0.755412743603,29.0037468729
0.733641682872,29.5888313148
0.507850441858,11.7503097529
0.704602679778,26.1778737569
0.557603156877,11.0946287224
0.699535186723,24.3232939857
0.720069755829,33.2334469075
0.588273664829,15.7045955859
0.596161581237,17.6750738921
0.476596256499,8.74115132713
0.550276294341,12.6082116772
0.747445823489,28.5334392538
1.56162726764,25.3106492304
1.10993645965,29.8539611993
1.68698518667,24.8791751888
5.64922080463,10.6230225504
1.22991867616,28.4248061906
0.976338529678,30.5736167248
1.4323460624,26.9034146227
1.11658912022,30.062266766
10.7183247847,6.29611449138
3.09443754447,17.1631836922
2.02755726393,22.2823792964
1.04481604531,30.9340578612
1.73894656903,24.74291089
1.14947925825,30.2465657824
1.68124460486,24.7614177494
1.34305848208,27.9219412261
2.11639410149,22.178477991
3.63759112668,15.1193463159
1.28380518224,28.7271001164
1.61936927236,25.9221912607
1.24140702059,28.7365863157
7.31601780846,8.70755124821
2.00416158698,22.8757003916
1.3925429863,28.0528503495
2.44751745978,20.0227376537
1.17347355247,29.426653824
1.55818342952,25.7678263286
1.18687952107,29.2466079191
1.78518324218,24.381586703
11.357248487,5.80092969486
1.42393375878,26.9751312258
1.25721945299,29.2493087921
1.7239959227,25.1685049997
13.3455792651,5.0562810845
1.74699249179,24.3367960652
1.54340294805,26.2486216262
19.1453509701,3.67247380891
0.803700779376,32.5240446081
1.35033213917,27.5150082874
1.31468424934,28.0449088962
0.540973683673,11.3066498142
0.455699593958,7.61949329347
1.31618668493,28.554459964
1.05106058145,31.0025897415
1.7461861756,24.5007093733
1.49133833773,26.9531057998
0.824143921224,28.6425700561
0.449706269567,6.80533096179
1.25622932612,28.4406670478
0.846746441913,30.403434518
0.512893461272,8.25902515796
0.709838565317,25.615119956
0.618038734206,16.1015798027
3.7687856221,14.5301445853
1.42948831102,26.9059912582
0.789438585311,31.7618120859
0.794921437907,29.0458891898
0.866757041882,31.8151438841
0.541554798583,12.4231195395
0.736624421129,31.4537494759
0.813016589735,31.5732794682
2.15469623943,21.6530753366
0.725814535545,27.086809422
0.544309219469,14.1489427784
0.861110393655,30.3143478378
0.444514741606,6.82002128669
1.00613735171,30.9462718455
0.765454361207,31.6604114212
1.00121962605,30.1881817073
1.01879425097,31.1228689894
0.809183083713,30.983840993
2.09352064267,21.884761519
1.68273632954,25.2743102133
1.82606554521,23.7540213788
1.53585238337,25.7848999218
0.782547805593,29.8910812002
0.86136227104,32.0067420259
1.87560041533,23.4530764871
2.35535253903,20.6199280979
1.55991961814,25.8656917515
1.72591672665,24.517637118
0.404051875596,5.6799637339
0.636811049608,22.7420676964
0.626188575527,20.3408374055
1.0029965224,30.2589284431
0.520416260336,12.1072312305
1.80921563868,23.8853783243
1.29891304317,29.3123548186
1.19923464982,29.1098993889
0.784985261914,28.0721194004
0.747732434867,30.5339168603
0.763915020969,27.1613981012
1.25031612956,29.7092864132
0.885267585207,31.3021740128
0.432083905926,5.7873018775
0.721904901647,26.9836095524
0.606166122861,12.9720215358
1.02748443,30.3249364079
1.67310586114,25.1432984469
0.76927088089,31.0312018731
0.538177085927,14.6449936389
0.979472683564,30.6332177543
0.48157141063,6.87789998926
0.779236528152,30.5645322563
1.25303622557,28.3621488946
0.606715074935,16.5639530237
0.614111678395,17.2414894106
1.11906336413,30.8543743872
0.592320673916,21.264494985
0.998446656614,31.1325595555
0.640204277049,21.2294739152
1.05610968802,30.3862376835
1.13989361233,29.8678750646
1.40208114766,27.0650525923
0.543322473276,12.7184137228
0.842293159281,32.1828566471
0.654190393031,23.9447111527
2.44724852277,19.9334883834
1.08206226845,29.3722467984
0.573472715373,15.3301103336
0.700779836553,25.5903481587
1.02771996464,31.1549849197
0.886506222837,32.0979134348
0.712364965324,28.4154906338
0.677432065236,22.3101337766
0.763811424825,30.5389514242
0.604660222103,14.6591419048
0.722341689025,26.5123836696
0.493405520935,7.41013191962
0.89329514538,30.3960008519
0.662935286003,20.6529962865
0.494164819872,9.74452208324
0.572203803139,17.6017704614
0.644091727485,20.809768901
0.990259428307,31.5248702589
0.724567691034,27.9405226737
1.03726521283,29.7852464518
0.563328543518,18.8880895925
1.07379212196,29.9853196363
1.16028425153,29.2549002154
0.551136120514,9.64298982081
0.40733702325,3.31322694223
0.576126175738,13.6907509712
1.31932426826,27.8441023816
1.29263611953,27.8137052314
0.567988899302,15.0876188083
0.840332609387,31.3316414309
0.634182895929,22.3355125011
0.574324835683,16.2131243879
0.622016272712,18.1384322163
0.86548948036,30.7569307358
0.601791272665,18.2382172998
0.653263393607,22.7115129138
0.506376259835,6.26530161788
0.660863865454,23.3394512944
1.24789578123,28.6769140006
0.557222977044,12.2665437026
0.776536813953,28.7345037596
0.596999441652,19.5192812371
0.770228509585,30.4122733819
0.786069684489,28.5310583051
1.46671203962,26.7009467039
0.605479363915,23.6166595465
0.755790453994,29.1017171278
1.29289533471,28.0045870908
1.26425204149,28.516940307
1.41236906449,27.6215339041
0.751664664511,30.7192835984
2.09759882053,22.2439102956
1.46841313076,27.0178733552
12.6534626635,5.32227436796
0.701489129191,24.695464661
0.799056169271,28.6843414536
3.9193506957,14.5071988741
0.925614529861,30.4457191313
0.502148944032,8.68308108943
0.681122646558,21.9652071115
0.930027049633,31.4569345177
3.3695394006,15.8610402331
0.671520362955,29.9904531731
1.22351747794,28.8703681287
0.669283538001,24.9311376309
0.778384040782,28.1318717403
0.888737039247,31.5157338595
0.406850969409,3.2754008229
0.53963559254,10.4366725951
0.450727182301,5.54526129807
1.11798878391,29.8782961697
1.70452816386,24.9659705848
0.592069452783,15.0962019033
1.38127872109,27.7076591536
0.566650365257,11.7306904002
0.496408155312,7.45555841578
1.32062343545,28.2097068703
0.745976486232,28.7716843575
1.11330113969,29.2273122158
0.724289546999,28.3463983224
0.614513688396,20.3676504468
0.573609130278,21.1610997093
0.570618505805,14.4905920784
0.888647742095,28.0122244404
1.4562488623,26.9985446979
0.78646648971,29.3075424085
0.873942945044,32.5833627487
0.645994125345,22.2345675239
0.568001537224,19.0946666324
1.48889892133,26.6490890897
0.494689325675,8.25123928929
1.37965092137,27.0265466594
0.57646740812,14.1291595765
0.672124849653,27.2398796287
1.33940254851,27.6291844011
1.21358138923,29.0851526839
0.715677293971,30.6003839782
0.977419788611,31.8354512182
0.973780473288,30.9351037799
0.44302497035,5.79561011644
0.744513705097,26.8564565878
0.606613305594,19.494461943
2.39836084569,20.1440913642
0.971071773574,31.8011508937
0.88994147917,30.6640387472
2.66913124173,18.9483376498
0.491844329955,9.02683985481
0.648916186505,25.326845503
0.911905327321,31.3082939036
1.05557684128,30.8244731483
0.526012619823,10.0183908169
1.46585875809,27.2648369289
0.86651436096,31.4596055509
0.896652299105,32.0840085156
0.843248307794,29.7226804588
1.41986889511,26.70824055
0.878821036552,31.1446800447
0.650290608991,22.2635846187
0.913830541592,29.5838219118
1.16329762019,29.4242843842
1.00204261747,29.8194901885
1.09586645817,30.8670821595
0.575473624446,16.3374994103
0.689167057844,27.2769857265
0.840854326923,31.6071394878
0.628726950933,19.4698191032
2.23504954354,21.2536675696
0.526698816763,15.029462281
0.643643453472,23.224348697
1.16791381864,29.2168818071
1.07985984555,29.8010895884
0.704308355669,24.8181068126
0.832551532626,29.5059213002
0.616372280976,22.5970577034
0.682405466426,26.4317929551
1.2989569997,28.6897872745
0.967939884816,30.7922015277
1.54513568205,25.6805926242
2.06171837976,22.0992354957
0.677466351542,26.5335687287
1.21654024849,29.4300168403
1.25959225377,29.0395561663
0.835831098541,30.2532414074
0.995633064346,31.4127775784
1.29850221602,28.2289853246
0.534281770611,11.1252158074
0.886355363128,31.9849139288
0.541725043555,11.0166588586
0.768525676152,28.2811631081
0.785399370537,28.4543136121
0.886610179318,30.5035974444
0.496177785101,7.24296836319
1.03018770478,31.3249710227
0.658438796176,21.4249222281
0.926879156069,29.8041010191
0.550282268591,14.2574101472
1.11161174087,29.5149815297
0.725240509295,27.0180715899
0.488507897474,8.14684884436
0.503404510134,11.6014057928
0.621402796479,19.4807620252
0.827602131936,31.3549216449
0.750687196639,28.4851001799
1.27854505701,27.9908790102
1.00289434333,30.4105813367
0.998814233451,30.165569323
1.05919829266,31.2428751343
0.668414385607,28.2959200269
0.813717877913,29.4642659953
0.45026555045,6.09640243909
0.908033368279,29.73965599
0.694388851383,23.1279634862
1.00870742727,30.3380337773
0.494720571571,7.26228138965
1.68747232443,24.6990717398
1.00976151395,31.5619079949
0.492243682228,8.22356923238
0.879385060864,30.2786585592
1.83844389164,24.0426157149
1.02723517429,31.1029069093
0.957195581741,29.9970043194
0.704544152883,27.0961016735
0.699474603852,22.1917992655
0.812599243689,30.1526246675
0.633941313222,19.6428277197
1.186262046,29.5767702576
0.904715194923,30.7955477661
1.27092207095,28.4909679575
1.19969095281,28.6735512338
0.541683493492,11.712743837
0.823766386636,30.8708881699
1.13428556829,30.1059988372
0.547151584232,13.6444821054
0.891776262538,31.1623006436
0.820173302462,31.4121417055
0.89592998645,31.8826252408
0.710803867727,24.7992460373
0.979580505767,30.557978465
1.11086896061,29.3021059676
0.800407951322,31.9989324915
0.78814756491,30.209317468
0.916440491316,31.5372359404
3.57152508899,15.3095942595
0.885379759121,30.8123149631
0.790818439583,30.5850227933
0.497961903282,7.89658802026
1.2775869237,28.8576842138
1.14701174653,30.2127681821
0.656395002698,21.7695136941
0.512731291787,10.9168293211
5.89616141414,10.3622332749
3.15789556274,16.7998589396
4.10553513802,13.7357976742
1.18802459929,28.6211245291
6.68507328782,9.38622469769
0.580656171278,15.6815693183
0.961435129346,31.5268280457
0.832501864429,30.4306825996
0.739591936512,30.5449517291
0.906651694724,32.0542057872
0.696323594919,28.1728210033
0.537009028002,9.84750669775
0.587210130774,14.9558046426
1.12857614544,30.0697477411
0.531866754352,7.81925165649
0.778811560933,30.9676964362
0.894163668131,29.8927377086
2.16845736377,21.4545145214
0.838664644056,31.5461015169
0.520423188739,11.2493065772
0.636122996776,22.3893807836
1.47188821893,27.3924333938
0.710172487169,27.0339957501
1.78803687447,24.4196306147
0.776159655475,31.0044458382
0.606025253951,16.9098563685
0.684093248142,27.5699256662
1.04385605829,30.6343003386
0.533367572169,8.62857106457
0.797435399672,32.2854992524
0.776608473598,29.09909017
1.69091513377,25.0536524004
3.20460375399,16.6624032483
1.16317626077,29.5267373986
1.0037673186,31.6766639149
1.12011802631,30.3212690113
1.757947908,24.3198332587
12.008527477,5.59222603509
0.605670114675,18.9908660198
0.626675943864,22.0886091696
0.566789670203,13.1907838005
0.616694013791,18.0484969062
0.822223990483,28.0264262132
0.471276005597,5.934102239
0.539777444289,13.1291147398
1.43064130048,27.3643714794
1.13841713591,29.8277309159
2.2259608282,21.2799791442
0.911766531175,32.1707355963
1.4331923544,27.0739652504
0.510963653481,8.14382778824
1.27414775131,28.419153087
0.77312140435,28.7483956271
0.817567483875,29.2110443126
0.764131644898,26.5739550712
0.420361292185,4.27965189337
2.73168755856,18.8726561493
1.43105958603,27.6560112425
0.976951390847,30.8617197155
0.530141671782,13.4073595387
1.32592827471,28.363525175
0.621645654003,20.9492335644
0.698459987235,27.6098851079
0.683102356036,26.1015056418
2.70391954085,18.8021127226
0.636940375801,24.6563110091
1.42221698977,27.322975523
0.672613862341,25.3378661283
1.15806917464,29.7759415025
0.539270883349,14.6431046879
0.749538713858,29.3425804343
1.19850529708,29.9142607774
0.743344159287,30.7297766648
0.505090817583,9.11162872061
0.750240752051,27.3099001141
2.51516339544,19.7752559894
2.95039273044,17.6697154457
0.641266515815,22.0925304076
0.618364487508,22.1335478937
1.68249670661,25.0625156259
1.00834255492,30.278599124
1.88809415746,22.9586007821
0.503091685977,7.04285142999
0.709451367376,26.2845359915
0.841279599074,31.7202509479
0.7569297932,28.9871005173
0.5621543737,11.3911770495
0.550594582472,16.415344952
0.482632343893,6.66925878617
0.589026594687,18.0867894525
1.26735315242,28.9863957254
1.69759137391,25.3104490635
0.563676886662,12.5568391529
0.936157040757,31.0244956087
0.633167470364,22.6436143217
0.65299855767,25.9749425183
0.644767278678,19.4367803926
2.15582426127,21.5036080783
0.71724113195,32.6551266467
2.01580608533,23.2119549298
1.22947171283,29.6070252126
0.733907716271,28.6640943181
0.60720569578,15.4484716879
0.740667137452,26.4728904639
0.67401349016,28.5709415036
0.533260093919,10.5745771422
0.82244043827,30.1213301867
0.793896585361,30.3739812523
1.12368000278,30.1680192903
1.24738118325,28.4971430365
0.778430860262,29.7200447477
1.47853476298,27.14349436
0.565346743907,19.0000209885
0.506221176568,9.45318019377
1.23797195605,29.09936677
0.911376437175,31.6126233078
0.644550914102,19.2732641103
1.03115288932,30.6528743965
0.835609879385,32.4172806812
0.653164869942,22.4084311229
0.797602631087,30.8632382098
1.09477286865,31.2426449169
0.687607958743,24.4869184335
1.67069481226,25.395182704
0.64187205855,20.5165497152
0.977800912548,31.0263568081
0.535419400883,12.709289183
0.820732695128,30.3462992858
0.914683181924,28.6547304225
0.911356709116,30.9384895266
1.22083209546,29.1429100957
0.531745396367,12.836218323
0.436272440488,4.06076532824
16.9976627795,4.06873585486
0.687882702386,26.1672519713
1.0959117294,30.7840486555
0.785679935152,29.7110807539
1.03327675065,29.7730496508
1.17481965272,29.0306685975
0.689926815726,26.6283315581
1.49731297962,26.5450180028
1.5533737029,25.7832354991
0.57503816249,16.2121413988
0.826388940111,30.9779073236
0.671019160684,23.1370442301
0.848272371169,30.7262158781
0.704041232108,26.3609560827
0.943022138358,31.0022414224
0.616286239557,24.1631226599
0.702128287579,25.6622618954
0.832864146687,30.0202621273
1.12983364215,30.4042991097
1.10967854916,29.2609062547
0.636943576652,19.6438121973
0.850611132238,30.9925405404
0.708037781252,22.6756261108
0.727592079635,28.0239444198
0.53367482122,9.22396898686
0.96535314744,30.9923887225
0.559434726861,12.3345935972
0.929435732422,31.7465737229
0.592932237779,18.1015625667
0.862011564658,33.193754206
0.623387006616,16.5110916505
0.592324392196,16.7185416141
1.08682335743,29.6410633611
1.81922213412,23.9990483742
0.620238125961,19.3538570068
0.49510621032,7.98454941102
0.982887381823,30.9968370369
0.810607868899,29.7352159099
0.632908145405,23.2738354008
0.749130440039,30.6045499884
0.912379923451,30.2972471111
1.89583290534,23.4445767212
0.512458950182,9.65931026912
1.18293101563,29.996001061
1.42251149436,27.2561593728
0.770268472222,29.8739995597
1.11534407523,29.9355156328
0.895904185211,30.6510455619
0.912975800492,31.249897297
0.571747019982,15.6044538724
1.09269354233,30.0327573366
1.21419666285,29.5673683666
0.458529030979,5.95818326741
1.64155320012,25.1135327183
0.702656584424,23.0138027003
0.710522574343,26.4574282068
1.14623877661,29.863585754
0.637795342866,25.7295701255
0.619237727853,18.02700239
0.784721202081,26.6772453
1.26728085926,28.7473765061
1.70201290832,24.6080389844
0.831547257462,29.9663065164
0.693650651187,27.7272139327
1.0264316817,31.2626749272
0.424307017753,3.9697670072
1.09971832134,30.1488111608
0.882300342981,32.6267582564
0.723176011056,27.7260303072
0.653747587362,23.9930522165
1.04605386427,30.8330202696
1.84040233011,23.8631517041
0.585405847802,13.2451700459
1.39127771309,27.2628531624
0.556939209086,12.375138772
0.765981508448,28.9761564153
0.900759322243,31.3708660041
1.10566126629,30.4243270753
0.414687224712,4.11442624302
0.745054960628,26.4098637548
0.995779082283,31.4304654083
0.870106844101,29.9772380563
0.430322438204,4.33721282996
0.685193004544,23.423473231
0.640757008853,19.6770379813
2.92683938194,17.7590886336
0.497375385565,10.7218816105
0.788026344772,31.2786497095
0.880682161255,32.0026920494
0.768004245914,27.2779741928
0.619662773142,19.1200771025
0.582683941273,16.8561364134
2.07138383466,22.1659545816
0.704636180086,25.2564380072
1.68121499172,24.8941391827
1.30595436274,28.3561210534
0.717285415122,26.6811503434
0.635310336524,22.3985022467
1.5037132699,26.8456765049
0.647014326767,18.6969584745
0.827797658947,31.3929372947
1.06866665859,30.1386777075
0.757963813886,29.530697363
0.476558700233,7.27843180349
1.14331693361,30.2645740502
1.65919868968,25.4295041711
0.62999674027,20.1026436971
1.06233058948,30.8568729213
2.44661799452,20.1311361685
1.00330142547,30.1737835026
1.06688909668,31.161439463
0.751248916807,28.6001077929
1.90105718277,23.5150212235
0.928771046169,29.8954194519
0.687038698747,28.0109403373
0.613464806564,15.6429511479
0.461514828077,6.25678705065
0.775773159366,30.9974632529
0.796766849291,31.6514172527
1.0473502965,30.9359725283
1.07851085243,29.8986328485
1.56082074616,25.6362558598
0.723683037668,29.0403379741
0.772937371954,27.6022363184
0.821165131591,32.8007107996
0.794975335056,27.6650092527
0.831250733899,31.3541978817
1.49222223689,26.9437078513
0.642230844174,22.1680414903
5.44263630567,11.135228701
0.851378170673,30.2128958506
0.631701439249,24.2244184502
2.04537586607,22.3954925644
0.859131020816,28.377278214
1.3187768214,28.0694954592
0.879516688809,31.6366936001
0.652365805673,21.5195215291
0.543323779548,10.293677933
1.17794042073,28.7744604087
1.27509540864,28.8254508259
1.12122090166,29.9849922084
0.878599585086,31.284558366
0.557973215314,12.889149161
0.777407345115,31.4553241022
0.49560854311,9.90459117027
0.824463872565,32.0334230266
0.849117345187,31.2983831394
0.893660776962,31.1901346893
2.08190298005,21.892566770
0.533109815687,12.3906928847
1.6834881679,24.9860977951
0.686127633404,27.7895818092
0.668177194013,28.129364738
0.89790489929,31.8688538426
0.679312539813,22.5681098191
0.681683267728,26.4248821304
0.740187900141,27.3063096494
0.753927041225,28.2260733949
0.473253005529,6.9108911339
1.02743496091,30.1891615335
1.35050316947,27.964391979
1.04339231035,30.7289977912
1.91015421011,23.2127855256
0.784976114061,29.8470228333
0.921932548025,31.1897004413
1.13726355653,30.2538490769
0.815989570813,32.194529121
0.672523239602,28.6095689591
0.946444241133,30.8956394145
0.655923733348,22.0074366364
1.67425492805,25.0450509642
1.2280161434,28.8504350618
0.911091460963,29.120676833
0.467851775167,7.50023872144
0.51525287835,8.20218610624
0.610723754003,18.5642034155
1.2154022574,29.391256913
0.672266665348,22.4512098814
0.875012451888,28.8773033406
1.02016756107,30.5328273399
2.23777431557,21.2167954872
0.934813694638,31.8604660702
1.13918147999,28.8896901661
0.798380636186,28.9931881497
0.778176102712,29.6963629691
0.637340969281,21.1622987539
0.885038997956,31.0042834987
0.718823229726,26.5984726277
0.66359997886,23.5801695275
0.735565340719,26.5784681765
0.67214881279,27.244264442
0.883177000853,32.8998603586
0.610155107719,20.8156906979
1.59165887672,26.3116680417
0.77076687081,32.0958268147
0.847247013416,31.3991074371
1.01048955943,31.4427791001
0.828021053648,30.1745950661
0.707071978658,25.1691490218
0.646709673003,20.9682962326
1.56356153272,26.35483103
0.783573299475,28.1877904911
0.851398151483,31.2187663947
0.757848545894,30.9895692579
0.892269953522,30.1801040074
0.688752389362,23.3726956866
2.15102358548,21.8443908831
0.567850762984,15.5611308041
1.59731963764,25.9249301293
1.30583796018,28.7383282952
0.830448699143,30.1150450664
0.464674365654,7.11250769202
0.77154933014,30.1670924862
0.660938966062,21.194090104
0.800154847517,29.8552212414
0.76130342832,28.7535812735
0.864212630745,31.5695455371
0.653660735593,25.6833538957
1.05830323287,31.2666530463
0.830535493372,30.9670088819
0.746432645924,28.1938365302
1.13044412694,29.9209834382
0.737171890991,29.8608781331
0.446683987748,7.10748557611
0.796646373618,30.5940010614
0.65541288881,26.4379909151
4.31007952843,13.3596142763
1.04567217164,31.2983369812
0.671403940367,25.0862394266
2.17387869644,21.5260401037
1.71482383643,24.9731774718
0.528242878184,8.76604340776
0.614733480795,21.4603570688
1.07480892785,29.6813686352
1.87538668758,23.6013192869
0.445058552793,6.23423588332
1.03862687718,30.0194426748
2.57242132188,19.5450098211
0.690415825841,28.9063478168
0.913395528148,30.1639313429
0.615415850737,18.5003359702
0.729652915256,29.756339687
0.684394157438,24.5650840489
1.62499774218,25.6443433233
0.805522089939,31.7277456686
0.557979571882,12.6972390335
1.43189060391,27.5121576275
0.462669739714,4.15458335613
1.01103809226,31.1693498408
0.783966716118,32.4541839301
1.10829081985,30.069724844
0.61537872049,20.8375746074
0.643970888589,19.9207762763
0.634500444552,22.3489205118
0.661649543723,19.007343267
1.05491805594,31.0877227054
0.685395096132,27.2225466819
0.527869010169,10.8375371348
1.09461453889,30.5354979424
0.526930754413,12.1776911791
0.638458863429,20.1243975704
0.799148157133,29.0376694145
13.8879384933,4.89168353048
1.36456724067,28.1796300351
1.47624027988,26.6417334197
0.641915482185,22.8506717895
0.734893545545,29.1176866768
0.950697545827,31.0578270972
0.662136837577,20.8101999738
0.898356952662,32.5621123244
0.587846790957,14.1968964165
0.73350985558,28.7306296428
1.01175247955,29.8964426689
1.04302805147,30.6382939126
1.48938193669,27.3904221576
0.726424721758,24.9941934191
2.76292978061,18.4113256721
1.30299732523,28.7885472008
0.919293754039,30.3800606469
0.611779614482,18.4170896403
0.702425841828,27.1020780649
1.20560701255,28.4066031828
0.841738888871,30.8435315788
1.54988369014,26.0766664345
1.80783819699,24.219534731
0.834215427033,27.9853371725
0.589215236552,14.4286832258
0.770337908921,27.6120385011
0.878030137907,31.5681646943
0.714205823132,26.5382882443
1.27338953007,28.6677400262
0.700460984323,24.3371156732
0.600123993573,18.9674136044
0.638706394221,21.8851731037
0.537723818683,10.7203731725
0.696881350343,23.1878783843
0.816682313736,29.5059652875
0.631341606012,20.8593887597
0.663456930851,26.2775158256
1.99361616281,22.3792326889
0.86595883511,31.0271099625
0.585731881056,13.4119385577
1.45552618172,27.0970048463
0.469683124332,6.47457794939
0.786342067295,30.2865648304
0.687259476401,23.7549289033
0.812908019142,29.6090079483
0.727687175072,28.8766941618
0.582568159948,13.1850666207
0.973525770433,30.7827495791
0.849421051705,30.4207200282
1.51132554875,26.7696129622
0.517849225773,9.27683148089
0.895346288691,31.2779539645
0.595241275782,16.6456870569
1.29782682298,29.0030991296
0.593309050639,17.1374429381
0.672762304566,22.2158701499
1.08724665082,29.5585182772
0.797094488011,30.5439322015
0.73699346702,27.5269739935
0.961575977511,30.906554131
0.654308648971,23.9183755627
1.06500500866,31.4830444246
0.603294781591,20.1284684876
2.12751908361,21.8505208053
0.70162679276,22.2890576035
1.08389557972,29.9816703823
0.846033955389,30.2276283796
0.771846378761,30.5076251544
0.737583379981,27.2161772416
0.510744938834,13.7473706857
0.6673035977,28.2878738629
0.649249818738,21.286413336
1.15832203804,30.0348252538
0.684559719831,24.4454932349
0.667248440627,25.4046303714
1.27361913237,28.6330497659
0.663800178105,22.6507923558
6.24630110977,9.91133775207
0.964514931224,31.5711027525
0.730947376444,29.9821857308
0.45424638607,5.74842217808
0.703695598079,27.7637092705
0.516646065174,10.2708611518
0.624353926145,21.8645217534
0.891759969749,29.9441563939
1.04383536776,30.4509705092
0.631849730438,15.7125967168
0.759591852133,27.5189892326
0.578268667512,15.2562303573
8.3032230011,7.81831344183
0.955539931713,31.7587983431
0.659497816853,23.8808978552
0.596589606006,14.1075203377
0.696382396072,22.5447973535
0.941541644309,31.1213000265
0.572489801677,15.0469055951
1.02508033697,30.3584010713
1.11075865031,30.4991547809
4.40652522066,13.1893492241
0.725949533291,28.9444362678
1.49133708862,26.7919307478
4.7272799905,12.2549542478
0.86755369884,30.7851837134
0.838229538644,30.2912255289
0.930666360657,31.5487926084
0.587321585688,18.6105879068
0.645434165318,22.3152116419
3.87491503643,14.3070491814
0.908399061277,32.0607993133
0.77588386513,31.836723394
0.522873434304,12.4462242161
0.622468750578,19.1350971257
0.905662190732,30.7492134319
0.985767172253,30.0009990518
5.77748177228,10.6351871666
0.59866424093,18.5168901733
0.775410183876,28.0981607581
0.805106038794,30.8381738599
0.983390233482,31.171145448
0.42088608319,4.93625254666
0.864694396688,30.0603312564
0.648244972357,19.935981845
0.592375175815,19.9890212883
0.461574622365,6.34956918771
2.79460248817,18.3185265943
0.810684008324,30.7254118056
0.64590657222,20.3828240278
0.731883744028,27.0603086373
1.23778286112,29.3390716101
0.901978796895,33.1916893203
0.555892869192,12.2106261407
0.737661418555,25.362584418
0.782811923187,30.0312237252
0.777425570397,29.5722199982
0.809563091465,28.3572710293
0.700162364722,25.7863045912
0.628515763495,21.592775851
0.748327286974,30.911875596
0.938384399064,31.7724804779
0.610487860006,20.2926230177
0.749491990257,27.8303174299
0.743713411155,30.2578919009
1.21265486793,28.6005531476
0.615582723932,15.9211745538
1.01434613314,32.3737617042
0.652422768252,23.8796080672
0.783836656018,30.1838397303
0.768052829909,29.8258128972
0.638223384247,16.0310641267
1.21242281861,29.0208988646
0.497468574945,8.15006254505
0.916931861912,30.8356609411
0.99523702833,30.2414391178
0.873277458009,31.7750100446
0.511562267313,7.96814046002
0.558912713305,13.6300352786
0.570122731767,14.2692082717
0.936625121672,30.3147965424
1.634528521,25.5567274987
0.827480780089,29.4312576026
0.54026839899,12.9158026141
0.675716996844,28.9094400337
0.879667832271,31.3902577621
0.667562314581,24.8198552227
0.828966565883,28.764248139
0.776775849775,28.8845231304
0.749490632257,31.2700372644
5.14834607886,11.5291006259
0.491677147584,9.51722084908
0.688917136045,24.7783065726
0.665094410324,22.5035720759
2.7168771692,18.6208638997
0.520120670544,10.6283028402
1.08542433545,30.4498424446
0.476272997447,7.0169839943
2.59256717872,19.2588259274
0.971495506143,31.2929908659
0.484348960252,6.66379049997
1.06297917919,30.191184012
0.759463337728,31.3258044439
0.764419627162,31.8429814399
1.02505432624,30.751931086
0.506680694339,8.16766860518
0.963869407768,30.9819979339
0.48286035383,7.38971417243
0.63954118917,16.6891518181
0.58023935928,17.956038027
0.628465962224,18.129223673
1.48686468053,26.4118184487
0.979488356536,30.5292041508
0.658441952554,18.4374643094
0.487524428595,7.98113852717
0.796027127883,31.0944176812
0.649388569975,23.7854509829
0.441192620236,5.51777135053
0.620605052964,20.5686369117
1.216784458,28.582547855
0.53934824985,13.3475912863
1.0435133532,30.4504009485
0.477862551707,7.1757035318
0.598648571459,19.8046075198
1.0386786006,30.2528616474
0.71807801722,26.3252732247
0.745500970507,30.5118315064
1.59566424031,25.4035899131
0.589979621075,15.1727274642
1.17961823514,29.0463465037
1.95858890766,23.2807404462
1.26969074558,28.5012709795
0.684364831679,24.7660300697
0.875542549235,31.7800659994
1.05072082511,29.8168640531
0.657490635064,29.0379801351
1.11914785985,29.7083175447
1.11733856124,31.304209139
0.594417584478,14.6896730985
0.446652653651,6.05123461801
1.9917002419,22.7098431021
0.990800728013,31.8067993987
0.846273462157,31.5959334608
0.627970151502,20.2684792733
0.715398226519,28.2564301262
0.89348938771,31.8727904234
0.581981581454,15.1424036101
0.599685918345,18.1164834251
1.12251961648,30.3379998887
0.943355131979,31.6188453201
0.511533756062,10.7637080344
0.637941797764,16.37045893
0.607843981796,18.5468645535
0.509822809533,8.14989035858
0.538099275889,11.9881224321
0.63466705301,22.9367507435
0.534371658251,12.1776667971
1.17541122808,29.9917162247
0.95320034328,32.0104794497
0.566228458089,13.0332552075
0.824790871951,30.9777919093
0.630538548878,22.4087805974
0.402995336767,4.33057120214
0.758111359451,29.3737848964
0.781730844723,30.9451778234
0.503600342995,7.96782618561
0.58231383708,17.5668159481
0.752242528344,29.5245205677
1.03414336592,30.8168103673
0.567406903205,15.0223762733
1.06774550041,30.6599278457
1.09440556128,30.6549977331
0.633572501921,25.4726964176
2.31287411538,20.9223665387
2.93682129185,17.8018322549
2.2075714874,21.1635275535
0.628587621206,19.9186232398
0.913467788407,30.6924889479
0.630173719813,23.5633437783
0.621385574308,16.1893040584
0.607840647288,19.5232090071
0.543484344255,12.8401122751
0.441126274189,4.03195208281
0.807803572491,31.114742316
0.758706131542,29.1493624218
1.4636125038,26.9852846279
1.40091871683,27.1320523763
0.688919899408,21.9082073445
3.27939580089,16.4626056987
0.61190505867,17.445516831
0.677458131971,22.8397878331
0.612289292242,22.788900895
0.906304346963,31.8639098409
0.725644958497,30.7161232763
1.01028445036,30.1479449565
0.60530901644,18.3122995015
1.08081562796,30.8152465031
3.7896615943,14.6346048638
0.898941263411,30.6912154586
1.22715917485,28.9874375949
0.754930743959,30.6997697278
0.872484614873,32.0480149717
0.85478975987,28.8543465983
0.541550356005,10.6593965566
0.713034388304,25.6837542486
7.56806106172,8.38930863298
1.35986581107,27.4978602269
0.868294642634,31.4119178684
1.0881742222,30.2666607313
0.590111374898,15.6068843811
0.742673993148,27.6306968997
0.558276513547,16.3227357391
0.670386108558,21.3172674934
1.14445351818,30.5274084486
0.664269252067,23.1610901034
1.20192157816,29.0283497975
1.12700478479,29.5734325619
1.29239381273,28.0451667618
0.903749807579,29.5827448878
0.833226951427,32.5143107212
0.878091208177,30.9439381091
0.677870876283,25.8842806409
0.928892401738,30.6278746029
0.741087842834,28.3669475937
0.507825721219,7.51911500433
0.529622569185,11.3416616842
1.123216889,30.0145059518
0.763158058406,28.3938559795
0.49910374419,8.60021598709
0.587690827613,15.6320288974
1.21618245717,29.2975776701
1.29823162353,28.1402789285
0.590761329274,18.6995990641
1.12570443844,29.0902290884
0.858631855378,31.9976481514
0.677630348568,22.6191167978
0.693179803586,24.4482022014
0.906525142281,32.1533277352
1.79022213055,23.8467613999
0.693076461387,22.1808138877
1.15285676448,29.4695759672
0.50688892634,9.920516584
0.839236353731,31.9716845924
0.599066270643,16.4672933253
0.890481183847,30.3337122558
0.666668968128,24.1721165532
0.651120855877,30.7749319026
0.673314533551,22.424883539
0.657150595191,24.5210156058
0.499857060813,5.3679345764
0.820341671134,31.6892350038
0.706035160062,28.4254965408
0.828477193884,31.0753273476
0.793787367858,28.5542462853
0.499163659785,8.3086977962
0.471594829332,6.44027417414
0.789460027071,28.3125164461
0.982747229665,30.3671168935
0.511665587642,10.6612602679
0.661492007662,22.9045851265
0.703487735877,26.2287443817
0.636869166204,23.0015845912
0.446625073742,5.60201418841
0.52558695944,9.64521647454
0.559000385081,16.5935484976
0.803135646671,28.8496720275
0.447326312079,4.49783512767
0.777299139531,29.462788308
0.754977627533,27.0826568289
0.583456237351,18.1977658654
0.611790043788,16.5945819208
0.815724337579,29.9373193553
0.508758894481,7.91219582334
0.516191471886,10.7758463728
0.690253851629,25.6583863432
0.546167560903,9.81896469855
0.460006661351,6.94381248875
0.454530721646,5.57190059855
0.827312565235,32.3188612425
0.757016386104,31.1641867112
0.551003849026,14.7178645201
0.740109927866,30.161465425
0.609150202082,20.7544870818
0.498954356735,10.4502544764
0.470378901824,5.19793721725
0.576390554974,13.0526080538
0.591812404229,15.4917334184
0.55617579039,13.4910582763
0.567061803549,12.7382940533
0.441333577065,5.03519359387
0.748644128624,28.2126035488
0.962823358289,30.4978060069
0.689897775307,26.0606725279
0.565729843528,16.627724536
0.576047153933,14.490827605
0.45417452577,4.15126761415
0.523534021376,11.4972470828
0.624291938832,22.0653177514
0.698227257431,27.6732250057
0.566626976902,15.6416837907
0.660677086436,27.2974504039
0.688274476306,25.2335377787
0.752939852046,29.3215984517
0.537971624227,11.9236772185
0.568960562272,17.6676568932
0.715271135293,28.242437033
0.682601575275,27.1821816299
0.55908966715,13.4057208358
0.978450970216,30.9035413326
0.501695182351,7.17686780074
0.573435034862,13.842544521
0.815369753283,30.5826895094
0.493686174278,9.52264868846
0.598843872365,20.0492992482
0.550460487031,15.3918404674
0.803145083225,27.7075717262
0.484534139912,8.91495489004
0.722841981613,27.669117883
0.457055935114,6.49504748091
0.623066726512,22.4245645057
0.852932783392,31.5051789815
0.750286859522,30.6450788897
0.574955462503,12.8809977172
0.414138252503,4.08317751326
0.798750653671,27.8675202301
0.738431449883,26.2171932182
0.509189779884,9.05713386678
0.491301229361,7.36493170331
0.771797896045,27.7119179899
0.527802544281,10.2587607026
0.767929182591,31.7125596371
0.503892780528,8.08822860238
0.53865510658,12.3028630362
0.516589288385,13.0366621055
0.612940619482,18.8931841551
0.587479510873,18.9436393849
0.712106964308,25.8396574142
0.732809408294,30.345680266
0.556292882846,12.9917175338
0.53395473709,11.9538222187
0.946865265802,31.2291527295
0.625140779892,21.9819286183
0.800754146553,29.6238241189
0.603373560922,15.6042634444
0.560257535083,14.952766318
1.07675471328,30.5523621994
0.694765649859,28.4003678132
0.598403513713,15.8297867291
0.448544150617,7.08559011556
0.582467541364,14.2383899721
1.05969219405,29.7305200291
0.629640894827,23.6001189283
0.706982786417,30.388575808
0.691603904999,26.1325881323
0.611120382807,20.9788453481
0.47950748709,15.40539032
0.609182613929,22.9658556894
0.692111200541,25.2228254453
0.738607577108,28.8949107232
0.608088627885,20.1227246143
0.817207943379,31.7052718466
0.511518288559,9.76817469045
0.901374543893,29.904106104
0.788323526745,30.8951834795
0.514119050641,11.6171536389
1.55417896436,25.7027027877
0.490351293627,6.39092838283
0.855045482186,30.4351061343
0.601452474733,18.4250634349
0.581421625636,15.3121239518
0.55497026156,15.1128818622
0.546977079083,14.9604075069
0.592366639043,12.9720336925
0.4633900812,5.88661715187
0.462774187352,5.92297512461
0.609504118291,15.1247542442
0.528410131614,15.796820501
1.63187786868,25.4901428583
0.508058369965,10.3303090949
0.604548575325,16.5597942144
0.617857602533,16.2542306817
1.21364852848,30.0235192849
0.829931055784,30.4610844766
0.497080732581,10.9740725046
0.763440799014,28.6793684962
0.43473841183,4.47763516411
0.434370646586,3.06098031819
0.487812850161,6.33849641103
0.487299271122,10.7921359864
0.720387181796,27.9699590847
0.556370430122,12.8482744822
0.532780450685,10.0315242294
0.81492401838,31.8630932631
0.444630089161,3.87378191892
1.06843383408,29.514415394
0.865744134709,31.5543575807
0.728005593078,28.0006090527
0.95068763504,33.3491241828
1.19946827645,29.5712697837
0.731084950228,24.4978370768
0.520236683077,7.44122843684
0.769679642718,30.4555281172
0.534747717566,13.047274015
0.564662052224,13.3485152231
0.960146230746,32.2932059796
0.517966525673,8.5422508612
0.869264442622,31.6221378124
0.601897540022,19.7060117567
0.497447375862,11.0644869529
0.468596634929,6.39398530989
1.11131964033,30.4880781105
0.555640623109,12.683017956
0.953066664326,31.2328624158
0.501473686886,7.06118803958
0.810444527186,29.7772385283
0.618155603253,17.6686904438
0.678929336428,28.9770951768
0.659092754525,24.9184957462
0.715734236683,27.4635458143
0.597016104668,18.6088782415
0.480239379572,7.0610619292
0.964087821617,31.2222593472
0.636489946182,22.0961856261
0.498919508305,8.44424787941
0.824451765162,30.3685443564
0.461707996099,6.92948796
0.553591265803,11.8213570268
0.502660914603,9.53326558876
0.586454469709,19.2338887034
0.668566305202,26.4619976543
0.496974930139,6.67961258945
0.523957294008,8.68505897722
0.742744724644,30.327781878
0.535915496314,10.5311379104
0.745810699766,28.4954345743
0.61715756211,20.4395129776
0.550631974286,11.232184633
0.53808459292,10.6332723057
0.447110911656,5.78648369465
0.643343475024,20.8927276359
0.489037984175,9.42626165896
0.629901986364,21.528111188
0.946485134237,29.1603100795
1.30780490233,28.3554526627
0.471012325613,7.90849792551
0.872986160005,29.9053996456
0.571669176399,18.8791007904
0.634715624974,20.1781703429
0.642434928778,18.7826026567
1.32868260638,27.1122688196
0.803317133431,32.1994875044
0.785222415483,31.4827996661
0.65143751647,19.9233229157
0.707778374065,27.6465073207
0.483322075571,7.0300947789
0.643921174674,23.433613606
0.701396875791,26.2268062988
0.689895815784,27.2948459306
0.617887196359,20.3584085803
1.20514226458,29.8014608363
0.454773686911,6.51928659315
0.526479839081,11.6205779326
0.447901102958,5.94059711491
0.553562904668,11.2876060648
0.770840616484,30.2864165442
0.570505578227,20.5747330928
0.632555992393,19.1072413278
0.498772984466,9.52898442382
0.540163194726,9.40900833234
0.517148214538,9.59995579688
0.846378660154,32.0478306897
0.744980276106,23.8655982853
0.876839671395,30.6788126468
0.465022674644,8.70237134801
2.14060401604,21.7402189528
0.713820884626,27.1185677205
1.99900610166,22.8331469134
0.6931739933,24.351750301
0.537237261402,11.2743482911
0.788338526315,29.6877536981
0.752181832858,27.9490930007
0.454151052156,6.16975340406
0.843860532684,29.9824426194
1.17189915324,29.7564853627
0.60966555842,17.5633998872
0.677808417141,24.1929719155
0.861975225469,31.9213350767
0.872096732256,30.689485478
1.08392991527,30.3750265917
0.783579074012,30.4913706764
0.405148580921,5.39604506334
1.04110529526,30.6831596626
0.514646482067,11.6526590756
0.44292457651,4.90873641994
0.467166939924,8.28312037798
0.76664927683,28.2254228289
0.589300065035,16.1693516858
0.567254786629,11.7132550604
0.634434009147,20.245446831
0.511204480418,10.8230663305
1.18205514519,29.7101198223
0.553806639223,12.3086281695
0.717712916873,30.6651858739
0.469755840549,6.25303561222
0.589243319083,14.371652127
0.855035889295,29.429875769
0.603165542929,17.2201481364
0.483045160945,7.20098301615
0.715541386349,25.7692990955
0.763647934493,30.4857761652
0.78835068669,30.3240682143
0.53108370502,10.2307789688
0.480227627124,7.50519086456
0.718905625227,27.1526599807
0.76876062296,30.9399301806
0.880968783844,32.0120309791
0.568480279268,16.3414639677
1.30775129236,28.0739925201
0.830613608409,30.0327369398
0.52321948862,9.72555516504
0.860871795693,31.2782926967
0.801994103332,28.796221698
0.488517914138,5.96293383661
0.575575232013,12.9067402258
1.14528082561,28.6956694508
0.614801641713,21.0916808288
0.643026466785,23.7007351753
0.609210022325,18.0811207898
0.68574079522,24.4996361849
0.674789988777,25.1687195757
0.707611889571,29.0551929709
0.561204538547,18.3961448828
0.491548080596,8.65144259101
1.01616006655,30.4111537317
0.537143656598,15.6810936824
0.876958976162,31.3291735951
0.586566707025,18.1759378299
0.491159836322,10.1966806519
0.668153564955,29.6635399997
0.854066186825,32.213428449
0.432486239785,5.67971827548
0.570514593959,13.9410982369
0.819774915344,29.5127351998
0.612212326026,17.1051766762
0.440561002143,5.4775615369
0.68842303852,22.198559817
0.924424612726,31.5156039756
0.934431885906,31.1410606155
0.590809680582,15.359599374
1.05992171151,29.7754066714
0.444911358566,5.19968743314
0.719578737893,27.7851455958
0.675829006176,27.9002526197
0.544484823333,13.7968951164
1.25736594179,28.3949157626
0.627191088822,20.4135553393
0.736508526608,26.8146250675
0.630130616035,22.2214246438
0.607447607568,18.1991004035
0.486675599151,8.24615001656
0.568656602296,15.5341553485
0.583978710293,14.7118376896
0.414024724757,3.27275140584
0.529604288784,15.605991445
0.571604492499,11.1612138878
0.610287769179,16.6262548791
0.491971412729,6.33410787573
0.654222457216,19.9305295258
0.766959388977,27.0496721184
0.5387173967,8.12893741102
0.741825792845,28.7822292052
1.1693286907,29.9163103396
0.618563608884,19.1624593328
0.692243310773,25.6175823212
0.582339849233,18.4813043692
0.673360238673,26.3365713945
0.782186579422,28.8391549963
0.611078485908,17.8487710687
0.539941648372,14.7371480307
0.500410160827,8.82116380832
0.604137129685,18.4451500371
0.886718433475,31.3199759378
0.457928192007,7.27319273662
0.463097218322,6.75883999334
1.49599150762,26.3287590868
0.736608626321,28.6073217813
0.524280718571,11.3992366843
0.545307370819,11.6701154992
0.78650228907,28.5163823573
2.10570754767,21.8954431973
1.08745257157,30.9072789736
0.72835932592,27.5218553352
0.561718433386,14.974406215
0.67626633402,26.2251706285
1.01735891603,30.4197461803
0.418662677355,4.82106504634
0.623239525649,19.447097787
0.592117439436,17.6319751871
0.788501907911,30.9797601692
0.517924404924,13.6185897651
0.727528920172,27.9834923884
0.544839073593,10.3810469442
1.10477960591,29.8383494985
0.704066722705,25.191930577
0.98017867831,31.3581601806
0.74505365936,26.6241226398
0.70292028116,28.3502987951
0.502357637239,10.309388404
0.530189876168,9.39625636764
2.02680423906,22.3500618003
0.770646838256,30.6472418072
0.82333599676,32.4973037803
0.591216009614,16.8584744627
0.786087053199,28.2508151096
0.595018370983,21.9122646221
0.760728053537,24.0372363225
0.496080033433,7.53305867631
0.702735839052,27.3784243393
0.953370848989,31.876367976
0.772302706576,29.0748689715
0.537579399999,13.0860669141
0.594479037666,13.3461392199
0.62254717428,21.0499710567
0.52203869315,11.315253213
0.570073166692,13.1744492441
0.554162276043,12.2758265838
0.702128852147,27.1625356823
0.657658903881,19.2455388733
0.538759969832,10.5007801559
0.499294972045,8.37500923127
0.512848206033,9.47063856881
0.82909674209,31.7137900382
0.612711990735,17.918043332
0.558121453752,15.9266409493
0.442030242323,6.09596299528
0.51762673033,11.3691964792
0.546520363793,10.9207275619
0.74317349465,30.8719298591
0.445254142599,3.1846980507
0.534298708495,10.7475460986
0.524616783379,8.45722085256
0.519167526365,8.90618107873
0.671718623142,20.8810646553
0.729168586986,25.6294639313
0.613785637969,20.3269663352
0.559565341921,20.2557219879
0.595060254948,22.0256686462
